Typical Measured Spectrum of Semrock FF01-525/45 Optical Filter	
For wavelengths between 320 and 1120 nm, values near or below 3e-7 (Optical Density 6.5) are measurement noise limited.
For wavelengths < 320 nm and > 1120 nm, values near or below 3e-6 (Optical Density 5.5) are measurement noise limited. 
Data format:  Wavelength (nm) <tab> Transmission (0 to 1)
300.0	2.8984e-06
300.2	4.6388e-06
300.4	7.4242e-06
300.6	5.3697e-06
300.8	3.0635e-06
301.0	1.969e-06
301.2	1.9311e-06
301.4	1.8939e-06
301.6	1.8557e-06
301.8	1.817e-06
302.0	1.782e-06
302.2	1.7547e-06
302.4	1.7278e-06
302.6	1.7465e-06
302.8	1.7819e-06
303.0	1.859e-06
303.2	2.3976e-06
303.4	3.0924e-06
303.6	2.6208e-06
303.8	1.9453e-06
304.0	1.5603e-06
304.2	1.675e-06
304.4	1.7981e-06
304.6	2.6111e-06
304.8	4.7188e-06
305.0	7.506e-06
305.2	8.5283e-06
305.4	9.6898e-06
305.6	5.881e-06
305.8	2.8138e-06
306.0	1.4365e-06
306.2	1.4134e-06
306.4	1.3907e-06
306.6	1.6709e-06
306.8	2.1497e-06
307.0	2.6428e-06
307.2	2.6931e-06
307.4	2.7444e-06
307.6	3.0125e-06
307.8	3.4936e-06
308.0	3.4849e-06
308.2	2.2642e-06
308.4	1.4711e-06
308.6	1.3341e-06
308.8	1.3818e-06
309.0	1.4613e-06
309.2	1.9351e-06
309.4	2.5626e-06
309.6	2.2291e-06
309.8	1.7163e-06
310.0	1.4433e-06
310.2	1.6446e-06
310.4	1.8739e-06
310.6	2.9915e-06
310.8	6.0368e-06
311.0	8.4634e-06
311.2	3.8623e-06
311.4	1.7626e-06
311.6	1.858e-06
311.8	2.8281e-06
312.0	4.0088e-06
312.2	2.3597e-06
312.4	1.389e-06
312.6	2.0258e-06
312.8	4.031e-06
313.0	6.11e-06
313.2	3.1187e-06
313.4	1.5919e-06
313.6	1.1996e-06
313.8	1.2057e-06
314.0	1.2961e-06
314.2	1.6956e-06
314.4	2.2181e-06
314.6	2.1959e-06
314.8	1.9347e-06
315.0	1.6992e-06
315.2	1.4394e-06
315.4	1.2194e-06
315.6	1.1649e-06
315.8	1.156e-06
316.0	1.1502e-06
316.2	1.1559e-06
316.4	1.1616e-06
316.6	1.1602e-06
316.8	1.1537e-06
317.0	1.2327e-06
317.2	1.5997e-06
317.4	2.076e-06
317.6	1.9296e-06
317.8	1.5804e-06
318.0	1.3806e-06
318.2	2.3156e-06
318.4	3.8838e-06
318.6	2.8469e-06
318.8	1.6411e-06
319.0	1.0705e-06
319.2	1.0692e-06
319.4	1.0679e-06
319.6	1.0587e-06
319.8	1.0442e-06
320.0	1.0297e-06
320.2	1.015e-06
320.4	1.0006e-06
320.6	1.0019e-06
320.8	1.009e-06
321.0	1.0171e-06
321.2	1.0351e-06
321.4	1.0534e-06
321.6	1.0783e-06
321.8	1.1055e-06
322.0	1.1347e-06
322.2	1.1689e-06
322.4	1.2042e-06
322.6	1.2192e-06
322.8	1.22e-06
323.0	1.2124e-06
323.2	1.1825e-06
323.4	1.1533e-06
323.6	1.4965e-06
323.8	2.1637e-06
324.0	2.8941e-06
324.2	1.7625e-06
324.4	1.0733e-06
324.6	1.1533e-06
324.8	1.4681e-06
325.0	1.6798e-06
325.2	1.3165e-06
325.4	1.0317e-06
325.6	1.0968e-06
325.8	1.4412e-06
326.0	1.6379e-06
326.2	1.2448e-06
326.4	9.4607e-07
326.6	9.1668e-07
326.8	9.7619e-07
327.0	1.0794e-06
327.2	1.79e-06
327.4	2.9684e-06
327.6	2.1716e-06
327.8	1.2269e-06
328.0	9.2227e-07
328.2	1.9662e-06
328.4	4.1918e-06
328.6	5.1037e-06
328.8	4.1762e-06
329.0	3.0397e-06
329.2	1.5854e-06
329.4	8.2693e-07
329.6	7.0539e-07
329.8	7.3208e-07
330.0	7.8434e-07
330.2	1.1837e-06
330.4	1.7864e-06
330.6	1.4175e-06
330.8	9.0791e-07
331.0	6.7204e-07
331.2	8.7192e-07
331.4	1.1312e-06
331.6	1.0532e-06
331.8	7.7107e-07
332.0	6.0802e-07
332.2	5.9904e-07
332.4	5.902e-07
332.6	7.5075e-07
332.8	1.0627e-06
333.0	1.4716e-06
333.2	1.5818e-06
333.4	1.7004e-06
333.6	1.2277e-06
333.8	7.9222e-07
334.0	5.8569e-07
334.2	6.7409e-07
334.4	7.7584e-07
334.6	7.439e-07
334.8	6.299e-07
335.0	6.2572e-07
335.2	9.4691e-07
335.4	1.433e-06
335.6	1.1738e-06
335.8	7.6618e-07
336.0	5.1884e-07
336.2	5.0942e-07
336.4	5.0018e-07
336.6	4.9154e-07
336.8	4.8319e-07
337.0	4.7674e-07
337.2	4.7643e-07
337.4	4.7613e-07
337.6	4.7401e-07
337.8	4.7064e-07
338.0	4.6692e-07
338.2	4.6213e-07
338.4	4.5739e-07
338.6	4.6857e-07
338.8	4.8666e-07
339.0	5.2161e-07
339.2	7.8453e-07
339.4	1.18e-06
339.6	1.7205e-06
339.8	2.4833e-06
340.0	2.8306e-06
340.2	1.3273e-06
340.4	6.224e-07
340.6	5.7859e-07
340.8	8.7399e-07
341.0	1.2501e-06
341.2	1.5111e-06
341.4	1.8267e-06
341.6	1.2579e-06
341.8	6.8063e-07
342.0	3.865e-07
342.2	3.8249e-07
342.4	3.7853e-07
342.6	4.6205e-07
342.8	5.9942e-07
343.0	8.097e-07
343.2	1.2475e-06
343.4	1.922e-06
343.6	1.4265e-06
343.8	6.4403e-07
344.0	3.5808e-07
344.2	3.5476e-07
344.4	3.5147e-07
344.6	3.5126e-07
344.8	3.5225e-07
345.0	3.5282e-07
345.2	3.4917e-07
345.4	3.4555e-07
345.6	3.4134e-07
345.8	3.3697e-07
346.0	3.5908e-07
346.2	5.1006e-07
346.4	7.2452e-07
346.6	6.6504e-07
346.8	4.4784e-07
347.0	3.3233e-07
347.2	3.3262e-07
347.4	3.329e-07
347.6	4.0609e-07
347.8	5.3919e-07
348.0	6.8337e-07
348.2	5.0713e-07
348.4	3.7635e-07
348.6	4.3461e-07
348.8	5.6858e-07
349.0	7.6327e-07
349.2	1.1118e-06
349.4	1.6195e-06
349.6	1.7286e-06
349.8	1.4996e-06
350.0	1.1628e-06
350.2	6.6566e-07
350.4	3.8105e-07
350.6	3.2922e-07
350.8	3.3251e-07
351.0	3.3567e-07
351.2	3.3732e-07
351.4	3.3897e-07
351.6	3.4183e-07
351.8	3.4509e-07
352.0	3.7604e-07
352.2	5.4163e-07
352.4	7.8012e-07
352.6	9.5205e-07
352.8	1.033e-06
353.0	1.0959e-06
353.2	1.0805e-06
353.4	1.0653e-06
353.6	7.8863e-07
353.8	5.1484e-07
354.0	3.4638e-07
354.2	3.3799e-07
354.4	3.298e-07
354.6	3.2268e-07
354.8	3.1596e-07
355.0	3.1522e-07
355.2	3.3543e-07
355.4	3.5693e-07
355.6	4.979e-07
355.8	8.3507e-07
356.0	1.0732e-06
356.2	6.2053e-07
356.4	3.5879e-07
356.6	3.2536e-07
356.8	3.5458e-07
357.0	4.0118e-07
357.2	6.795e-07
357.4	1.1509e-06
357.6	8.431e-07
357.8	4.9094e-07
358.0	3.317e-07
358.2	3.5432e-07
358.4	3.7848e-07
358.6	5.4336e-07
358.8	9.4999e-07
359.0	1.3938e-06
359.2	1.273e-06
359.4	1.1627e-06
359.6	1.1212e-06
359.8	1.1036e-06
360.0	1.0308e-06
360.2	5.8414e-07
360.4	3.3101e-07
360.6	5.2639e-07
360.8	1.1917e-06
361.0	1.9612e-06
361.2	9.3726e-07
361.4	4.479e-07
361.6	4.2143e-07
361.8	6.412e-07
362.0	8.3338e-07
362.2	7.0747e-07
362.4	6.0058e-07
362.6	6.6002e-07
362.8	7.9802e-07
363.0	9.6371e-07
363.2	1.1506e-06
363.4	1.3738e-06
363.6	8.9257e-07
363.8	4.7089e-07
364.0	3.3278e-07
364.2	7.3066e-07
364.4	1.6043e-06
364.6	2.5403e-06
364.8	3.1748e-06
365.0	3.4475e-06
365.2	2.535e-06
365.4	1.8641e-06
365.6	1.9698e-06
365.8	2.3886e-06
366.0	2.6078e-06
366.2	9.8537e-07
366.4	3.7233e-07
366.6	2.8849e-07
366.8	2.8769e-07
367.0	3.2454e-07
367.2	5.906e-07
367.4	1.0748e-06
367.6	1.3193e-06
367.8	1.2177e-06
368.0	1.0675e-06
368.2	8.0812e-07
368.4	6.1178e-07
368.6	7.9164e-07
368.8	1.2618e-06
369.0	1.9186e-06
369.2	1.8111e-06
369.4	1.7095e-06
369.6	1.3696e-06
369.8	1.0358e-06
370.0	8.9286e-07
370.2	1.2992e-06
370.4	1.8903e-06
370.6	1.7372e-06
370.8	1.1446e-06
371.0	8.0631e-07
371.2	6.8721e-07
371.4	5.857e-07
371.6	1.0983e-06
371.8	2.7986e-06
372.0	6.9383e-06
372.2	1.3039e-05
372.4	2.4504e-05
372.6	1.9763e-05
372.8	1.2556e-05
373.0	7.6004e-06
373.2	3.948e-06
373.4	2.0508e-06
373.6	1.9723e-06
373.8	2.86e-06
374.0	4.5211e-06
374.2	9.196e-06
374.4	1.8705e-05
374.6	1.732e-05
374.8	1.172e-05
375.0	7.3818e-06
375.2	2.2526e-06
375.4	6.8741e-07
375.6	4.2185e-07
375.8	3.171e-07
376.0	3.1649e-07
376.2	7.7533e-07
376.4	1.8994e-06
376.6	2.7465e-06
376.8	2.7945e-06
377.0	2.7377e-06
377.2	2.394e-06
377.4	2.0934e-06
377.6	1.4723e-06
377.8	9.4726e-07
378.0	6.8706e-07
378.2	1.8101e-06
378.4	4.769e-06
378.6	4.0661e-06
378.8	2.4986e-06
379.0	1.6601e-06
379.2	1.4224e-06
379.4	1.2188e-06
379.6	1.1853e-06
379.8	1.2543e-06
380.0	1.3693e-06
380.2	1.5394e-06
380.4	1.7306e-06
380.6	1.2882e-06
380.8	9.5083e-07
381.0	6.0396e-07
381.2	3.3014e-07
381.4	2.4065e-07
381.6	2.3813e-07
381.8	2.3564e-07
382.0	2.6841e-07
382.2	3.0825e-07
382.4	3.0278e-07
382.6	2.5438e-07
382.8	2.3196e-07
383.0	2.2957e-07
383.2	2.2721e-07
383.4	2.2769e-07
383.6	2.2829e-07
383.8	2.2745e-07
384.0	2.2519e-07
384.2	3.1992e-07
384.4	6.4304e-07
384.6	1.2925e-06
384.8	6.6836e-07
385.0	3.3379e-07
385.2	2.3078e-07
385.4	2.2089e-07
385.6	2.1498e-07
385.8	2.1234e-07
386.0	2.0973e-07
386.2	2.8845e-07
386.4	3.9804e-07
386.6	3.8305e-07
386.8	2.5708e-07
387.0	2.0908e-07
387.2	2.0685e-07
387.4	2.0464e-07
387.6	2.9826e-07
387.8	4.4177e-07
388.0	4.2188e-07
388.2	2.5975e-07
388.4	2.0245e-07
388.6	1.979e-07
388.8	1.9345e-07
389.0	1.9353e-07
389.2	1.9373e-07
389.4	1.9353e-07
389.6	1.9294e-07
389.8	2.9474e-07
390.0	6.6245e-07
390.2	1.4889e-06
390.4	1.131e-06
390.6	8.4507e-07
390.8	7.3246e-07
391.0	7.3646e-07
391.2	5.6261e-07
391.4	3.2106e-07
391.6	1.8322e-07
391.8	2.0481e-07
392.0	2.3718e-07
392.2	3.4811e-07
392.4	6.475e-07
392.6	6.3969e-07
392.8	3.3567e-07
393.0	1.7614e-07
393.2	2.4541e-07
393.4	3.5613e-07
393.6	3.4204e-07
393.8	2.1742e-07
394.0	1.7266e-07
394.2	1.7054e-07
394.4	1.6846e-07
394.6	2.9338e-07
394.8	5.1999e-07
395.0	4.8297e-07
395.2	2.3508e-07
395.4	1.6566e-07
395.6	1.6542e-07
395.8	1.6517e-07
396.0	1.6628e-07
396.2	1.6742e-07
396.4	1.6653e-07
396.6	1.6364e-07
396.8	1.6107e-07
397.0	1.5878e-07
397.2	1.5652e-07
397.4	2.152e-07
397.6	2.9688e-07
397.8	3.1879e-07
398.0	2.6646e-07
398.2	2.4213e-07
398.4	2.4002e-07
398.6	2.3793e-07
398.8	2.716e-07
399.0	3.1209e-07
399.2	3.0572e-07
399.4	2.553e-07
399.6	3.0522e-07
399.8	5.1868e-07
400.0	8.8143e-07
400.2	5.8899e-07
400.4	3.8238e-07
400.6	4.0114e-07
400.8	6.8003e-07
401.0	8.2507e-07
401.2	7.2593e-07
401.4	6.3869e-07
401.6	4.1917e-07
401.8	2.7304e-07
402.0	2.1778e-07
402.2	2.1269e-07
402.4	2.0872e-07
402.6	2.057e-07
402.8	2.0273e-07
403.0	2.8772e-07
403.2	4.0984e-07
403.4	3.9029e-07
403.6	2.4848e-07
403.8	1.9947e-07
404.0	1.9666e-07
404.2	1.939e-07
404.4	2.9869e-07
404.6	4.6114e-07
404.8	6.1713e-07
405.0	7.1588e-07
405.2	5.8217e-07
405.4	3.319e-07
405.6	1.8922e-07
405.8	2.1242e-07
406.0	2.4441e-07
406.2	2.397e-07
406.4	2.0036e-07
406.6	2.2665e-07
406.8	3.449e-07
407.0	5.2484e-07
407.2	3.5189e-07
407.4	2.3003e-07
407.6	1.8388e-07
407.8	1.7975e-07
408.0	1.7669e-07
408.2	1.7455e-07
408.4	1.7244e-07
408.6	1.8854e-07
408.8	2.0646e-07
409.0	2.6957e-07
409.2	4.1971e-07
409.4	5.1402e-07
409.6	5.0664e-07
409.8	4.9937e-07
410.0	4.7742e-07
410.2	4.5629e-07
410.4	3.4831e-07
410.6	2.1236e-07
410.8	2.4163e-07
411.0	5.1308e-07
411.2	1.0895e-06
411.4	7.2551e-07
411.6	4.6324e-07
411.8	2.9976e-07
412.0	1.9658e-07
412.2	1.5963e-07
412.4	1.5789e-07
412.6	1.5617e-07
412.8	2.5793e-07
413.0	4.2932e-07
413.2	4.046e-07
413.4	2.1589e-07
413.6	1.5625e-07
413.8	1.5435e-07
414.0	1.5247e-07
414.2	2.3636e-07
414.4	3.7334e-07
414.6	3.5446e-07
414.8	2.0228e-07
415.0	1.5276e-07
415.2	1.5099e-07
415.4	1.4925e-07
415.6	2.0616e-07
415.8	2.8723e-07
416.0	3.6481e-07
416.2	4.2238e-07
416.4	3.6716e-07
416.6	2.3542e-07
416.8	1.5095e-07
417.0	1.4974e-07
417.2	1.5199e-07
417.4	1.5201e-07
417.6	1.4978e-07
417.8	2.1093e-07
418.0	4.2152e-07
418.2	8.4238e-07
418.4	4.7348e-07
418.6	2.559e-07
418.8	2.3187e-07
419.0	3.5222e-07
419.2	4.7443e-07
419.4	5.7315e-07
419.6	6.9242e-07
419.8	4.6959e-07
420.0	3.1662e-07
420.2	2.2246e-07
420.4	1.6288e-07
420.6	1.3879e-07
420.8	1.3721e-07
421.0	1.3566e-07
421.2	2.1073e-07
421.4	3.3195e-07
421.6	3.1625e-07
421.8	1.8223e-07
422.0	2.062e-07
422.2	4.8475e-07
422.4	1.1396e-06
422.6	6.6219e-07
422.8	3.575e-07
423.0	2.2145e-07
423.2	1.5738e-07
423.4	1.323e-07
423.6	1.3067e-07
423.8	1.2907e-07
424.0	1.3097e-07
424.2	1.3298e-07
424.4	1.3318e-07
424.6	1.3156e-07
424.8	1.3008e-07
425.0	1.2873e-07
425.2	1.2739e-07
425.4	1.3435e-07
425.6	1.4206e-07
425.8	1.6879e-07
426.0	2.2535e-07
426.2	2.9696e-07
426.4	3.8666e-07
426.6	5.0345e-07
426.8	2.7674e-07
427.0	1.508e-07
427.2	1.06e-07
427.4	9.6109e-08
427.6	9.1028e-08
427.8	8.9982e-08
428.0	8.8948e-08
428.2	1.1378e-07
428.4	1.4652e-07
428.6	1.4318e-07
428.8	1.0619e-07
429.0	9.0798e-08
429.2	9.0022e-08
429.4	8.9253e-08
429.6	9.0362e-08
429.8	9.1576e-08
430.0	9.1802e-08
430.2	9.1031e-08
430.4	9.0223e-08
430.6	8.9381e-08
430.8	8.8546e-08
431.0	9.3389e-08
431.2	9.8559e-08
431.4	1.1715e-07
431.6	1.5682e-07
431.8	2.387e-07
432.0	4.1006e-07
432.2	7.0445e-07
432.4	3.7609e-07
432.6	1.9724e-07
432.8	1.2755e-07
433.0	1.017e-07
433.2	9.9056e-08
433.4	1.1695e-07
433.6	1.3807e-07
433.8	1.1471e-07
434.0	9.4956e-08
434.2	9.0098e-08
434.4	8.9252e-08
434.6	7.3019e-08
434.8	4.8953e-08
435.0	3.2819e-08
435.2	2.8175e-08
435.4	2.8056e-08
435.6	2.7937e-08
435.8	2.7806e-08
436.0	2.7676e-08
436.2	2.7583e-08
436.4	2.7518e-08
436.6	2.7453e-08
436.8	2.7387e-08
437.0	2.732e-08
437.2	2.7281e-08
437.4	2.7244e-08
437.6	2.7233e-08
437.8	2.7263e-08
438.0	2.9755e-08
438.2	3.9185e-08
438.4	5.1602e-08
438.6	4.418e-08
438.8	3.3618e-08
439.0	2.748e-08
439.2	2.754e-08
439.4	2.7592e-08
439.6	2.7599e-08
439.8	2.7605e-08
440.0	2.7604e-08
440.2	2.7599e-08
440.4	2.8874e-08
440.6	4.9216e-08
440.8	8.3003e-08
441.0	8.3126e-08
441.2	8.325e-08
441.4	6.7478e-08
441.6	4.3884e-08
441.8	2.854e-08
442.0	5.8724e-08
442.2	1.2677e-07
442.4	8.2474e-08
442.6	4.3781e-08
442.8	3.8382e-08
443.0	9.5381e-08
443.2	2.3703e-07
443.4	2.1802e-07
443.6	1.5519e-07
443.8	8.8225e-08
444.0	4.6344e-08
444.2	3.1191e-08
444.4	5.3329e-08
444.6	9.1178e-08
444.8	6.8751e-08
445.0	3.5266e-08
445.2	2.6291e-08
445.4	2.5988e-08
445.6	2.569e-08
445.8	2.5438e-08
446.0	2.5189e-08
446.2	3.2705e-08
446.4	5.4807e-08
446.6	6.2086e-08
446.8	4.0034e-08
447.0	2.5814e-08
447.2	2.4433e-08
447.4	2.4368e-08
447.6	3.1789e-08
447.8	6.8279e-08
448.0	1.0407e-07
448.2	5.5125e-08
448.4	2.9199e-08
448.6	2.4402e-08
448.8	2.4457e-08
449.0	2.4525e-08
449.2	2.4651e-08
449.4	2.4778e-08
449.6	2.4902e-08
449.8	2.5028e-08
450.0	2.5122e-08
450.2	2.5195e-08
450.4	2.5264e-08
450.6	2.5273e-08
450.8	2.5283e-08
451.0	5.002e-08
451.2	1.0107e-07
451.4	1.0918e-07
451.6	5.3154e-08
451.8	2.5878e-08
452.0	3.8891e-08
452.2	6.4898e-08
452.4	4.9517e-08
452.6	3.1632e-08
452.8	2.2886e-08
453.0	2.2627e-08
453.2	2.2371e-08
453.4	2.221e-08
453.6	2.208e-08
453.8	2.1989e-08
454.0	2.1918e-08
454.2	2.1854e-08
454.4	2.1837e-08
454.6	2.1819e-08
454.8	2.181e-08
455.0	2.1807e-08
455.2	3.0033e-08
455.4	5.661e-08
455.6	1.0671e-07
455.8	5.8005e-08
456.0	3.0541e-08
456.2	2.1448e-08
456.4	2.1415e-08
456.6	2.3519e-08
456.8	3.0948e-08
457.0	4.0723e-08
457.2	3.4303e-08
457.4	2.6199e-08
457.6	2.6281e-08
457.8	5.1393e-08
458.0	8.9867e-08
458.2	9.9049e-08
458.4	1.0917e-07
458.6	9.8876e-08
458.8	8.1299e-08
459.0	6.3854e-08
459.2	3.7855e-08
459.4	2.2969e-08
459.6	2.282e-08
459.8	2.2672e-08
460.0	2.9782e-08
460.2	5.0892e-08
460.4	8.6966e-08
460.6	4.4815e-08
460.8	2.2816e-08
461.0	2.0974e-08
461.2	2.0664e-08
461.4	2.4985e-08
461.6	4.2809e-08
461.8	7.3348e-08
462.0	7.0799e-08
462.2	6.1511e-08
462.4	4.2774e-08
462.6	2.7671e-08
462.8	1.9789e-08
463.0	1.9799e-08
463.2	1.9808e-08
463.4	1.9811e-08
463.6	1.981e-08
463.8	3.3462e-08
464.0	7.9589e-08
464.2	1.6834e-07
464.4	9.2383e-08
464.6	5.0697e-08
464.8	5.6069e-08
465.0	1.0877e-07
465.2	1.0577e-07
465.4	4.6466e-08
465.6	2.0414e-08
465.8	1.9534e-08
466.0	1.9644e-08
466.2	1.9765e-08
466.4	1.99e-08
466.6	2.1849e-08
466.8	2.8841e-08
467.0	3.8071e-08
467.2	4.0259e-08
467.4	4.0136e-08
467.6	4.6849e-08
467.8	8.4689e-08
468.0	1.2031e-07
468.2	5.4895e-08
468.4	2.5047e-08
468.6	1.8884e-08
468.8	1.8658e-08
469.0	2.094e-08
469.2	5.7325e-08
469.4	1.501e-07
469.6	1.1506e-07
469.8	8.8203e-08
470.0	8.897e-08
470.2	1.1682e-07
470.4	1.5339e-07
470.6	5.6508e-08
470.8	2.0417e-08
471.0	4.1497e-08
471.2	9.4171e-08
471.4	1.0783e-07
471.6	4.7071e-08
471.8	2.0548e-08
472.0	3.763e-08
472.2	8.2274e-08
472.4	7.7875e-08
472.6	6.3218e-08
472.8	6.5965e-08
473.0	1.1735e-07
473.2	2.0876e-07
473.4	2.1974e-07
473.6	2.0202e-07
473.8	1.5613e-07
474.0	1.1389e-07
474.2	8.2157e-08
474.4	5.7047e-08
474.6	3.9612e-08
474.8	4.0646e-08
475.0	4.9305e-08
475.2	6.9279e-08
475.4	1.0673e-07
475.6	1.5669e-07
475.8	1.4139e-07
476.0	1.2758e-07
476.2	9.644e-08
476.4	6.3608e-08
476.6	4.7751e-08
476.8	4.0495e-08
477.0	3.4342e-08
477.2	4.8927e-08
477.4	7.0073e-08
477.6	8.0621e-08
477.8	7.2099e-08
478.0	8.3321e-08
478.2	1.3622e-07
478.4	2.2269e-07
478.6	2.0662e-07
478.8	1.8001e-07
479.0	1.649e-07
479.2	1.6422e-07
479.4	1.5292e-07
479.6	1.2423e-07
479.8	1.0093e-07
480.0	1.0983e-07
480.2	1.2829e-07
480.4	1.3197e-07
480.6	9.8672e-08
480.8	8.0258e-08
481.0	8.5865e-08
481.2	9.1863e-08
481.4	9.3434e-08
481.6	9.3136e-08
481.8	9.6429e-08
482.0	1.1737e-07
482.2	1.3786e-07
482.4	1.3119e-07
482.6	1.2485e-07
482.8	1.2914e-07
483.0	1.4056e-07
483.2	1.5171e-07
483.4	1.5109e-07
483.6	1.4981e-07
483.8	1.3634e-07
484.0	1.2408e-07
484.2	1.0723e-07
484.4	8.8512e-08
484.6	7.3214e-08
484.8	9.118e-08
485.0	1.1356e-07
485.2	1.292e-07
485.4	1.457e-07
485.6	1.6067e-07
485.8	1.7096e-07
486.0	1.8191e-07
486.2	1.7684e-07
486.4	1.6951e-07
486.6	1.1726e-07
486.8	7.5514e-08
487.0	6.2513e-08
487.2	9.2985e-08
487.4	1.3831e-07
487.6	7.9166e-08
487.8	3.434e-08
488.0	4.4419e-08
488.2	8.6959e-08
488.4	1.4822e-07
488.6	1.4761e-07
488.8	1.47e-07
489.0	1.5868e-07
489.2	1.779e-07
489.4	1.8833e-07
489.6	1.9277e-07
489.8	1.9561e-07
490.0	1.8424e-07
490.2	1.7354e-07
490.4	1.3554e-07
490.6	9.2697e-08
490.8	8.9788e-08
491.0	1.1769e-07
491.2	1.5384e-07
491.4	1.6716e-07
491.6	1.8162e-07
491.8	1.8262e-07
492.0	1.6939e-07
492.2	1.8069e-07
492.4	2.2866e-07
492.6	2.8937e-07
492.8	3.1363e-07
493.0	3.3568e-07
493.2	3.3061e-07
493.4	2.8816e-07
493.6	2.5693e-07
493.8	2.4094e-07
494.0	2.2596e-07
494.2	2.2582e-07
494.4	2.2952e-07
494.6	2.415e-07
494.8	2.7899e-07
495.0	3.2561e-07
495.2	3.9397e-07
495.4	4.7668e-07
495.6	5.4932e-07
495.8	6.1963e-07
496.0	7.0175e-07
496.2	8.0994e-07
496.4	9.5067e-07
496.6	1.2552e-06
496.8	1.6572e-06
497.0	2.3941e-06
497.2	3.6681e-06
497.4	5.9584e-06
497.6	1.8158e-05
497.8	3.8452e-05
498.0	5.4501e-05
498.2	9.1544e-05
498.4	2.0661e-04
498.6	5.1694e-04
498.8	0.00134
499.0	0.00378
499.2	0.01703
499.4	0.05629
499.6	0.20324
499.8	0.5552
500.0	0.86886
500.2	0.94052
500.4	0.94489
500.6	0.9533
500.8	0.95477
501.0	0.95386
501.2	0.95335
501.4	0.95362
501.6	0.95297
501.8	0.95237
502.0	0.95034
502.2	0.94806
502.4	0.94792
502.6	0.94749
502.8	0.94984
503.0	0.95136
503.2	0.95297
503.4	0.95368
503.6	0.95451
503.8	0.9549
504.0	0.95532
504.2	0.95617
504.4	0.95733
504.6	0.96061
504.8	0.96298
505.0	0.96589
505.2	0.96737
505.4	0.9691
505.6	0.96873
505.8	0.96886
506.0	0.96789
506.2	0.96679
506.4	0.96526
506.6	0.96432
506.8	0.96389
507.0	0.96265
507.2	0.96247
507.4	0.96103
507.6	0.96043
507.8	0.9585
508.0	0.95507
508.2	0.95206
508.4	0.94948
508.6	0.94575
508.8	0.9427
509.0	0.93936
509.2	0.93607
509.4	0.93387
509.6	0.932
509.8	0.93116
510.0	0.93102
510.2	0.93053
510.4	0.93152
510.6	0.93203
510.8	0.93307
511.0	0.93396
511.2	0.93527
511.4	0.93724
511.6	0.9388
511.8	0.94021
512.0	0.94281
512.2	0.94465
512.4	0.94792
512.6	0.95018
512.8	0.95321
513.0	0.95651
513.2	0.95957
513.4	0.96278
513.6	0.96529
513.8	0.96803
514.0	0.96979
514.2	0.97266
514.4	0.9736
514.6	0.975
514.8	0.97496
515.0	0.97532
515.2	0.97534
515.4	0.97619
515.6	0.97573
515.8	0.97563
516.0	0.97639
516.2	0.97595
516.4	0.97594
516.6	0.97711
516.8	0.97758
517.0	0.97816
517.2	0.97855
517.4	0.97799
517.6	0.97763
517.8	0.97676
518.0	0.97588
518.2	0.97457
518.4	0.9722
518.6	0.96998
518.8	0.96786
519.0	0.96497
519.2	0.96224
519.4	0.95963
519.6	0.95692
519.8	0.95422
520.0	0.95242
520.2	0.95076
520.4	0.94943
520.6	0.94865
520.8	0.94787
521.0	0.94771
521.2	0.94819
521.4	0.94872
521.6	0.94993
521.8	0.95192
522.0	0.95295
522.2	0.95448
522.4	0.95637
522.6	0.95782
522.8	0.95975
523.0	0.96179
523.2	0.96347
523.4	0.96488
523.6	0.96674
523.8	0.96817
524.0	0.96986
524.2	0.97133
524.4	0.97259
524.6	0.973
524.8	0.97353
525.0	0.97464
525.2	0.97496
525.4	0.97501
525.6	0.97437
525.8	0.97318
526.0	0.97244
526.2	0.97118
526.4	0.96964
526.6	0.96708
526.8	0.96507
527.0	0.96231
527.2	0.95962
527.4	0.9568
527.6	0.95406
527.8	0.95126
528.0	0.94928
528.2	0.94709
528.4	0.94597
528.6	0.9442
528.8	0.94411
529.0	0.94397
529.2	0.94431
529.4	0.94588
529.6	0.94738
529.8	0.94895
530.0	0.9515
530.2	0.95444
530.4	0.95844
530.6	0.96108
530.8	0.96478
531.0	0.96774
531.2	0.97098
531.4	0.97395
531.6	0.97619
531.8	0.97866
532.0	0.98092
532.2	0.98211
532.4	0.98335
532.6	0.98402
532.8	0.98483
533.0	0.98497
533.2	0.98474
533.4	0.98447
533.6	0.98393
533.8	0.98368
534.0	0.98335
534.2	0.98289
534.4	0.98268
534.6	0.98266
534.8	0.98255
535.0	0.98304
535.2	0.98319
535.4	0.98301
535.6	0.98341
535.8	0.98354
536.0	0.98346
536.2	0.98372
536.4	0.98321
536.6	0.98245
536.8	0.9811
537.0	0.97936
537.2	0.97736
537.4	0.97469
537.6	0.97286
537.8	0.96992
538.0	0.96677
538.2	0.96358
538.4	0.96061
538.6	0.95753
538.8	0.95439
539.0	0.95111
539.2	0.94842
539.4	0.94571
539.6	0.94355
539.8	0.94186
540.0	0.93997
540.2	0.9394
540.4	0.93829
540.6	0.93866
540.8	0.93932
541.0	0.94067
541.2	0.94242
541.4	0.94433
541.6	0.94642
541.8	0.94905
542.0	0.9515
542.2	0.9544
542.4	0.9564
542.6	0.95933
542.8	0.96141
543.0	0.96312
543.2	0.96437
543.4	0.96509
543.6	0.96507
543.8	0.96359
544.0	0.96077
544.2	0.9575
544.4	0.95235
544.6	0.94634
544.8	0.93891
545.0	0.93057
545.2	0.92167
545.4	0.91169
545.6	0.90135
545.8	0.89276
546.0	0.88279
546.2	0.87326
546.4	0.86465
546.6	0.85855
546.8	0.85398
547.0	0.85087
547.2	0.84981
547.4	0.85084
547.6	0.85496
547.8	0.8604
548.0	0.86701
548.2	0.87526
548.4	0.88359
548.6	0.89138
548.8	0.89871
549.0	0.90395
549.2	0.9061
549.4	0.90412
549.6	0.89778
549.8	0.88411
550.0	0.86441
550.2	0.83444
550.4	0.7903
550.6	0.7302
550.8	0.65095
551.0	0.5567
551.2	0.45381
551.4	0.35043
551.6	0.25882
551.8	0.18627
552.0	0.13116
552.2	0.09161
552.4	0.06368
552.6	0.04446
552.8	0.03166
553.0	0.02249
553.2	0.01601
553.4	0.0115
553.6	0.00839
553.8	0.00616
554.0	0.00458
554.2	0.00342
554.4	0.00254
554.6	0.00193
554.8	0.00148
555.0	0.00114
555.2	8.8505e-04
555.4	6.9107e-04
555.6	5.4513e-04
555.8	4.2002e-04
556.0	3.3254e-04
556.2	2.6734e-04
556.4	2.1397e-04
556.6	1.7302e-04
556.8	1.4173e-04
557.0	1.159e-04
557.2	9.9204e-05
557.4	8.1621e-05
557.6	6.6793e-05
557.8	5.5256e-05
558.0	4.6682e-05
558.2	3.8633e-05
558.4	3.1896e-05
558.6	2.6114e-05
558.8	2.2008e-05
559.0	1.8519e-05
559.2	1.5557e-05
559.4	1.3163e-05
559.6	1.0845e-05
559.8	9.2481e-06
560.0	7.823e-06
560.2	6.6465e-06
560.4	5.6451e-06
560.6	4.7933e-06
560.8	4.1141e-06
561.0	3.4364e-06
561.2	3.0044e-06
561.4	2.6289e-06
561.6	2.3547e-06
561.8	2.0716e-06
562.0	1.7614e-06
562.2	1.4981e-06
562.4	1.2853e-06
562.6	1.1522e-06
562.8	9.9846e-07
563.0	8.5889e-07
563.2	7.8796e-07
563.4	7.3434e-07
563.6	5.8191e-07
563.8	6.0753e-07
564.0	4.7074e-07
564.2	4.9773e-07
564.4	4.0662e-07
564.6	4.1623e-07
564.8	3.4274e-07
565.0	4.3195e-07
565.2	6.5667e-10
565.4	6.5599e-10
565.6	6.553e-10
565.8	6.5461e-10
566.0	6.5392e-10
566.2	6.5324e-10
566.4	6.5255e-10
566.6	6.5187e-10
566.8	6.5119e-10
567.0	6.505e-10
567.2	6.5048e-10
567.4	6.5053e-10
567.6	6.5058e-10
567.8	6.5063e-10
568.0	6.5068e-10
568.2	6.5073e-10
568.4	6.5078e-10
568.6	6.5083e-10
568.8	6.5088e-10
569.0	6.5093e-10
569.2	6.5094e-10
569.4	6.5093e-10
569.6	6.5092e-10
569.8	6.5092e-10
570.0	6.5091e-10
570.2	6.5091e-10
570.4	6.509e-10
570.6	6.509e-10
570.8	6.5089e-10
571.0	6.5088e-10
571.2	6.5045e-10
571.4	6.4992e-10
571.6	6.4939e-10
571.8	6.4886e-10
572.0	6.4833e-10
572.2	6.478e-10
572.4	6.4727e-10
572.6	6.4674e-10
572.8	6.4622e-10
573.0	6.4569e-10
573.2	9.6518e-10
573.4	1.6164e-09
573.6	2.7069e-09
573.8	4.5331e-09
574.0	7.5915e-09
574.2	1.2713e-08
574.4	2.129e-08
574.6	3.5654e-08
574.8	5.9709e-08
575.0	9.9993e-08
575.2	1.1001e-07
575.4	1.1892e-07
575.6	1.2856e-07
575.8	1.3898e-07
576.0	1.5025e-07
576.2	1.6243e-07
576.4	1.7559e-07
576.6	1.8983e-07
576.8	2.0521e-07
577.0	2.2185e-07
577.2	2.2864e-07
577.4	2.3403e-07
577.6	2.3955e-07
577.8	2.452e-07
578.0	2.5099e-07
578.2	2.5691e-07
578.4	2.6297e-07
578.6	2.6918e-07
578.8	2.7553e-07
579.0	2.8203e-07
579.2	2.906e-07
579.4	2.9981e-07
579.6	3.0932e-07
579.8	3.1912e-07
580.0	3.2924e-07
580.2	3.3968e-07
580.4	3.5045e-07
580.6	3.6156e-07
580.8	3.7302e-07
581.0	3.8484e-07
581.2	3.9166e-07
581.4	3.9728e-07
581.6	4.0297e-07
581.8	4.0875e-07
582.0	4.1462e-07
582.2	4.2056e-07
582.4	4.266e-07
582.6	4.3272e-07
582.8	4.3892e-07
583.0	4.4522e-07
583.2	4.4197e-07
583.4	4.3602e-07
583.6	4.3014e-07
583.8	4.2435e-07
584.0	4.1863e-07
584.2	4.1299e-07
584.4	4.0742e-07
584.6	4.0193e-07
584.8	3.9651e-07
585.0	3.9117e-07
585.2	3.9161e-07
585.4	3.9238e-07
585.6	3.9315e-07
585.8	3.9392e-07
586.0	3.947e-07
586.2	3.9547e-07
586.4	3.9625e-07
586.6	3.9703e-07
586.8	3.9781e-07
587.0	3.986e-07
587.2	4.0898e-07
587.4	4.2125e-07
587.6	4.339e-07
587.8	4.4692e-07
588.0	4.6034e-07
588.2	4.7415e-07
588.4	4.8839e-07
588.6	5.0305e-07
588.8	5.1815e-07
589.0	5.337e-07
589.2	5.6179e-07
589.4	5.9399e-07
589.6	6.2803e-07
589.8	6.6403e-07
590.0	7.021e-07
590.2	7.4234e-07
590.4	7.8489e-07
590.6	8.2988e-07
590.8	8.7745e-07
591.0	9.2774e-07
591.2	1.0057e-06
591.4	1.0971e-06
591.6	1.1967e-06
591.8	1.3054e-06
592.0	1.424e-06
592.2	1.5533e-06
592.4	1.6944e-06
592.6	1.8483e-06
592.8	2.0162e-06
593.0	2.1994e-06
593.2	2.2694e-06
593.4	2.3041e-06
593.6	2.3394e-06
593.8	2.3753e-06
594.0	2.4117e-06
594.2	2.4486e-06
594.4	2.4861e-06
594.6	2.5242e-06
594.8	2.5628e-06
595.0	2.6021e-06
595.2	2.4923e-06
595.4	2.379e-06
595.6	2.2708e-06
595.8	2.1676e-06
596.0	2.069e-06
596.2	1.975e-06
596.4	1.8852e-06
596.6	1.7995e-06
596.8	1.7177e-06
597.0	1.6396e-06
597.2	1.5574e-06
597.4	1.4782e-06
597.6	1.4029e-06
597.8	1.3316e-06
598.0	1.2638e-06
598.2	1.1995e-06
598.4	1.1385e-06
598.6	1.0805e-06
598.8	1.0256e-06
599.0	9.7337e-07
599.2	9.4692e-07
599.4	9.2568e-07
599.6	9.0493e-07
599.8	8.8464e-07
600.0	8.648e-07
600.2	8.4541e-07
600.4	8.2645e-07
600.6	8.0792e-07
600.8	7.8981e-07
601.0	7.721e-07
601.2	7.5476e-07
601.4	7.378e-07
601.6	7.2122e-07
601.8	7.0502e-07
602.0	6.8918e-07
602.2	6.737e-07
602.4	6.5856e-07
602.6	6.4377e-07
602.8	6.2931e-07
603.0	6.1517e-07
603.2	6.0365e-07
603.4	5.9293e-07
603.6	5.8241e-07
603.8	5.7206e-07
604.0	5.6191e-07
604.2	5.5193e-07
604.4	5.4213e-07
604.6	5.3251e-07
604.8	5.2305e-07
605.0	5.1377e-07
605.2	5.1474e-07
605.4	5.1643e-07
605.6	5.1812e-07
605.8	5.1982e-07
606.0	5.2152e-07
606.2	5.2323e-07
606.4	5.2494e-07
606.6	5.2666e-07
606.8	5.2839e-07
607.0	5.3012e-07
607.2	5.3521e-07
607.4	5.4096e-07
607.6	5.4677e-07
607.8	5.5263e-07
608.0	5.5857e-07
608.2	5.6456e-07
608.4	5.7062e-07
608.6	5.7675e-07
608.8	5.8294e-07
609.0	5.892e-07
609.2	6.0133e-07
609.4	6.1489e-07
609.6	6.2875e-07
609.8	6.4293e-07
610.0	6.5743e-07
610.2	6.7225e-07
610.4	6.8741e-07
610.6	7.0291e-07
610.8	7.1876e-07
611.0	7.3497e-07
611.2	7.6345e-07
611.4	7.9578e-07
611.6	8.2947e-07
611.8	8.6459e-07
612.0	9.012e-07
612.2	9.3936e-07
612.4	9.7914e-07
612.6	1.0206e-06
612.8	1.0638e-06
613.0	1.1089e-06
613.2	1.1518e-06
613.4	1.1954e-06
613.6	1.2406e-06
613.8	1.2875e-06
614.0	1.3363e-06
614.2	1.3868e-06
614.4	1.4393e-06
614.6	1.4938e-06
614.8	1.5503e-06
615.0	1.609e-06
615.2	1.6505e-06
615.4	1.6917e-06
615.6	1.7339e-06
615.8	1.7772e-06
616.0	1.8215e-06
616.2	1.867e-06
616.4	1.9136e-06
616.6	1.9614e-06
616.8	2.0103e-06
617.0	2.0605e-06
617.2	2.0154e-06
617.4	1.9556e-06
617.6	1.8976e-06
617.8	1.8413e-06
618.0	1.7867e-06
618.2	1.7338e-06
618.4	1.6823e-06
618.6	1.6325e-06
618.8	1.5841e-06
619.0	1.5371e-06
619.2	1.461e-06
619.4	1.3832e-06
619.6	1.3096e-06
619.8	1.2399e-06
620.0	1.1739e-06
620.2	1.1114e-06
620.4	1.0522e-06
620.6	9.9624e-07
620.8	9.4321e-07
621.0	8.93e-07
621.2	8.5595e-07
621.4	8.2252e-07
621.6	7.9039e-07
621.8	7.5951e-07
622.0	7.2984e-07
622.2	7.0133e-07
622.4	6.7394e-07
622.6	6.4761e-07
622.8	6.2232e-07
623.0	5.9801e-07
623.2	5.7718e-07
623.4	5.576e-07
623.6	5.3868e-07
623.8	5.204e-07
624.0	5.0274e-07
624.2	4.8569e-07
624.4	4.6921e-07
624.6	4.5329e-07
624.8	4.3791e-07
625.0	4.2305e-07
625.2	4.2033e-07
625.4	4.1864e-07
625.6	4.1696e-07
625.8	4.1529e-07
626.0	4.1362e-07
626.2	4.1196e-07
626.4	4.1031e-07
626.6	4.0866e-07
626.8	4.0702e-07
627.0	4.0539e-07
627.2	4.1033e-07
627.4	4.1671e-07
627.6	4.2318e-07
627.8	4.2976e-07
628.0	4.3643e-07
628.2	4.4322e-07
628.4	4.501e-07
628.6	4.571e-07
628.8	4.642e-07
629.0	4.7141e-07
629.2	4.7965e-07
629.4	4.8823e-07
629.6	4.9696e-07
629.8	5.0585e-07
630.0	5.1489e-07
630.2	5.241e-07
630.4	5.3348e-07
630.6	5.4302e-07
630.8	5.5273e-07
631.0	5.6262e-07
631.2	5.7988e-07
631.4	5.9927e-07
631.6	6.1931e-07
631.8	6.4001e-07
632.0	6.6141e-07
632.2	6.8352e-07
632.4	7.0638e-07
632.6	7.2999e-07
632.8	7.544e-07
633.0	7.7962e-07
633.2	7.9974e-07
633.4	8.1908e-07
633.6	8.389e-07
633.8	8.5919e-07
634.0	8.7997e-07
634.2	9.0126e-07
634.4	9.2306e-07
634.6	9.4539e-07
634.8	9.6826e-07
635.0	9.9169e-07
635.2	1.0269e-06
635.4	1.0644e-06
635.6	1.1033e-06
635.8	1.1436e-06
636.0	1.1854e-06
636.2	1.2287e-06
636.4	1.2736e-06
636.6	1.3201e-06
636.8	1.3684e-06
637.0	1.4184e-06
637.2	1.4448e-06
637.4	1.4664e-06
637.6	1.4884e-06
637.8	1.5107e-06
638.0	1.5333e-06
638.2	1.5563e-06
638.4	1.5796e-06
638.6	1.6032e-06
638.8	1.6272e-06
639.0	1.6516e-06
639.2	1.6435e-06
639.4	1.6289e-06
639.6	1.6144e-06
639.8	1.6001e-06
640.0	1.5858e-06
640.2	1.5717e-06
640.4	1.5577e-06
640.6	1.5439e-06
640.8	1.5302e-06
641.0	1.5165e-06
641.2	1.4535e-06
641.4	1.384e-06
641.6	1.3177e-06
641.8	1.2546e-06
642.0	1.1946e-06
642.2	1.1374e-06
642.4	1.083e-06
642.6	1.0311e-06
642.8	9.8177e-07
643.0	9.3478e-07
643.2	8.6629e-07
643.4	7.9868e-07
643.6	7.3636e-07
643.8	6.789e-07
644.0	6.2592e-07
644.2	5.7708e-07
644.4	5.3204e-07
644.6	4.9053e-07
644.8	4.5225e-07
645.0	4.1696e-07
645.2	3.9842e-07
645.4	3.8213e-07
645.6	3.6651e-07
645.8	3.5153e-07
646.0	3.3717e-07
646.2	3.2338e-07
646.4	3.1017e-07
646.6	2.9749e-07
646.8	2.8533e-07
647.0	2.7367e-07
647.2	2.6729e-07
647.4	2.6209e-07
647.6	2.57e-07
647.8	2.5201e-07
648.0	2.4711e-07
648.2	2.4231e-07
648.4	2.3761e-07
648.6	2.3299e-07
648.8	2.2846e-07
649.0	2.2402e-07
649.2	2.255e-07
649.4	2.2824e-07
649.6	2.3102e-07
649.8	2.3383e-07
650.0	2.3668e-07
650.2	2.3956e-07
650.4	2.4248e-07
650.6	2.4543e-07
650.8	2.4842e-07
651.0	2.5144e-07
651.2	2.5832e-07
651.4	2.6617e-07
651.6	2.7426e-07
651.8	2.826e-07
652.0	2.9118e-07
652.2	3.0003e-07
652.4	3.0915e-07
652.6	3.1855e-07
652.8	3.2823e-07
653.0	3.382e-07
653.2	3.5529e-07
653.4	3.7452e-07
653.6	3.948e-07
653.8	4.1617e-07
654.0	4.387e-07
654.2	4.6245e-07
654.4	4.8748e-07
654.6	5.1387e-07
654.8	5.4169e-07
655.0	5.7101e-07
655.2	6.168e-07
655.4	6.6797e-07
655.6	7.2339e-07
655.8	7.8341e-07
656.0	8.484e-07
656.2	9.1879e-07
656.4	9.9501e-07
656.6	1.0776e-06
656.8	1.167e-06
657.0	1.2638e-06
657.2	1.289e-06
657.4	1.2976e-06
657.6	1.3062e-06
657.8	1.3149e-06
658.0	1.3236e-06
658.2	1.3324e-06
658.4	1.3412e-06
658.6	1.3501e-06
658.8	1.3591e-06
659.0	1.3681e-06
659.2	1.3178e-06
659.4	1.2584e-06
659.6	1.2016e-06
659.8	1.1474e-06
660.0	1.0957e-06
660.2	1.0462e-06
660.4	9.9905e-07
660.6	9.5398e-07
660.8	9.1095e-07
661.0	8.6987e-07
661.2	8.1618e-07
661.4	7.6344e-07
661.6	7.1411e-07
661.8	6.6797e-07
662.0	6.2481e-07
662.2	5.8444e-07
662.4	5.4667e-07
662.6	5.1135e-07
662.8	4.7831e-07
663.0	4.474e-07
663.2	4.0745e-07
663.4	3.6958e-07
663.6	3.3524e-07
663.8	3.0408e-07
664.0	2.7582e-07
664.2	2.5019e-07
664.4	2.2694e-07
664.6	2.0585e-07
664.8	1.8672e-07
665.0	1.6937e-07
665.2	1.5167e-07
665.4	1.3562e-07
665.6	1.2127e-07
665.8	1.0844e-07
666.0	9.6961e-08
666.2	8.6701e-08
666.4	7.7526e-08
666.6	6.9322e-08
666.8	6.1986e-08
667.0	5.5426e-08
667.2	5.2071e-08
667.4	4.9508e-08
667.6	4.7071e-08
667.8	4.4754e-08
668.0	4.2551e-08
668.2	4.0457e-08
668.4	3.8465e-08
668.6	3.6572e-08
668.8	3.4772e-08
669.0	3.306e-08
669.2	3.2091e-08
669.4	3.1287e-08
669.6	3.0504e-08
669.8	2.974e-08
670.0	2.8996e-08
670.2	2.827e-08
670.4	2.7562e-08
670.6	2.6872e-08
670.8	2.6199e-08
671.0	2.5543e-08
671.2	2.6421e-08
671.4	2.7626e-08
671.6	2.8886e-08
671.8	3.0204e-08
672.0	3.1582e-08
672.2	3.3023e-08
672.4	3.4529e-08
672.6	3.6104e-08
672.8	3.7751e-08
673.0	3.9474e-08
673.2	3.7865e-08
673.4	3.5857e-08
673.6	3.3956e-08
673.8	3.2155e-08
674.0	3.045e-08
674.2	2.8835e-08
674.4	2.7306e-08
674.6	2.5858e-08
674.8	2.4487e-08
675.0	2.3189e-08
675.2	2.2897e-08
675.4	2.2738e-08
675.6	2.258e-08
675.8	2.2423e-08
676.0	2.2267e-08
676.2	2.2112e-08
676.4	2.1958e-08
676.6	2.1806e-08
676.8	2.1654e-08
677.0	2.1504e-08
677.2	2.1886e-08
677.4	2.2429e-08
677.6	2.2986e-08
677.8	2.3557e-08
678.0	2.4143e-08
678.2	2.4742e-08
678.4	2.5357e-08
678.6	2.5987e-08
678.8	2.6632e-08
679.0	2.7294e-08
679.2	2.8618e-08
679.4	3.0172e-08
679.6	3.1812e-08
679.8	3.354e-08
680.0	3.5362e-08
680.2	3.7283e-08
680.4	3.9308e-08
680.6	4.1444e-08
680.8	4.3695e-08
681.0	4.6069e-08
681.2	4.1583e-08
681.4	3.6399e-08
681.6	3.1862e-08
681.8	2.789e-08
682.0	2.4413e-08
682.2	2.137e-08
682.4	1.8706e-08
682.6	1.6374e-08
682.8	1.4333e-08
683.0	1.2546e-08
683.2	1.1623e-08
683.4	1.0859e-08
683.6	1.0145e-08
683.8	9.4776e-09
684.0	8.8544e-09
684.2	8.2722e-09
684.4	7.7283e-09
684.6	7.2202e-09
684.8	6.7455e-09
685.0	6.302e-09
685.2	6.0859e-09
685.4	5.9038e-09
685.6	5.7272e-09
685.8	5.5558e-09
686.0	5.3896e-09
686.2	5.2284e-09
686.4	5.072e-09
686.6	4.9202e-09
686.8	4.773e-09
687.0	4.6302e-09
687.2	3.9444e-09
687.4	3.2461e-09
687.6	2.6715e-09
687.8	2.1985e-09
688.0	1.8093e-09
688.2	1.489e-09
688.4	1.2254e-09
688.6	1.0085e-09
688.8	8.2992e-10
689.0	6.83e-10
689.2	6.5969e-10
689.4	6.5996e-10
689.6	6.6024e-10
689.8	6.6052e-10
690.0	6.608e-10
690.2	6.6108e-10
690.4	6.6136e-10
690.6	6.6163e-10
690.8	6.6191e-10
691.0	6.6219e-10
691.2	7.0323e-10
691.4	7.5441e-10
691.6	8.0931e-10
691.8	8.6821e-10
692.0	9.314e-10
692.2	9.9918e-10
692.4	1.0719e-09
692.6	1.1499e-09
692.8	1.2336e-09
693.0	1.3234e-09
693.2	1.5707e-09
693.4	1.8865e-09
693.6	2.2658e-09
693.8	2.7213e-09
694.0	3.2684e-09
694.2	3.9255e-09
694.4	4.7147e-09
694.6	5.6626e-09
694.8	6.8011e-09
695.0	8.1685e-09
695.2	6.7495e-09
695.4	5.2609e-09
695.6	4.1005e-09
695.8	3.1961e-09
696.0	2.4912e-09
696.2	1.9417e-09
696.4	1.5135e-09
696.6	1.1797e-09
696.8	9.1948e-10
697.0	7.1668e-10
697.2	6.7536e-10
697.4	6.7573e-10
697.6	6.7611e-10
697.8	6.7648e-10
698.0	6.7686e-10
698.2	6.7723e-10
698.4	6.7761e-10
698.6	6.7798e-10
698.8	6.7836e-10
699.0	6.7873e-10
699.2	6.7909e-10
699.4	6.7946e-10
699.6	6.7982e-10
699.8	6.8018e-10
700.0	6.8054e-10
700.2	6.809e-10
700.4	6.8126e-10
700.6	6.8162e-10
700.8	6.8198e-10
701.0	6.8234e-10
701.2	6.8255e-10
701.4	6.8273e-10
701.6	6.829e-10
701.8	6.8308e-10
702.0	6.8326e-10
702.2	6.8343e-10
702.4	6.8361e-10
702.6	6.8379e-10
702.8	6.8396e-10
703.0	6.8414e-10
703.2	8.5198e-10
703.4	1.0901e-09
703.6	1.3948e-09
703.8	1.7847e-09
704.0	2.2835e-09
704.2	2.9218e-09
704.4	3.7385e-09
704.6	4.7835e-09
704.8	6.1205e-09
705.0	7.8313e-09
705.2	8.6231e-09
705.4	9.2657e-09
705.6	9.9562e-09
705.8	1.0698e-08
706.0	1.1495e-08
706.2	1.2352e-08
706.4	1.3272e-08
706.6	1.4261e-08
706.8	1.5324e-08
707.0	1.6466e-08
707.2	1.8472e-08
707.4	2.1007e-08
707.6	2.3889e-08
707.8	2.7167e-08
708.0	3.0894e-08
708.2	3.5133e-08
708.4	3.9954e-08
708.6	4.5436e-08
708.8	5.167e-08
709.0	5.8759e-08
709.2	7.8506e-08
709.4	1.0893e-07
709.6	1.5115e-07
709.8	2.0972e-07
710.0	2.91e-07
710.2	4.0378e-07
710.4	5.6026e-07
710.6	7.7738e-07
710.8	1.0786e-06
711.0	1.4967e-06
711.2	1.6793e-06
711.4	1.8176e-06
711.6	1.9672e-06
711.8	2.1292e-06
712.0	2.3045e-06
712.2	2.4942e-06
712.4	2.6995e-06
712.6	2.9218e-06
712.8	3.1624e-06
713.0	3.4227e-06
713.2	2.7828e-06
713.4	2.1994e-06
713.6	1.7383e-06
713.8	1.3738e-06
714.0	1.0858e-06
714.2	8.5816e-07
714.4	6.7824e-07
714.6	5.3605e-07
714.8	4.2366e-07
715.0	3.3484e-07
715.2	3.1181e-07
715.4	2.9923e-07
715.6	2.8716e-07
715.8	2.7557e-07
716.0	2.6446e-07
716.2	2.5379e-07
716.4	2.4355e-07
716.6	2.3372e-07
716.8	2.2429e-07
717.0	2.1525e-07
717.2	2.1571e-07
717.4	2.195e-07
717.6	2.2335e-07
717.8	2.2727e-07
718.0	2.3126e-07
718.2	2.3532e-07
718.4	2.3946e-07
718.6	2.4366e-07
718.8	2.4794e-07
719.0	2.5229e-07
719.2	2.662e-07
719.4	2.8351e-07
719.6	3.0195e-07
719.8	3.216e-07
720.0	3.4251e-07
720.2	3.6479e-07
720.4	3.8852e-07
720.6	4.1379e-07
720.8	4.4071e-07
721.0	4.6937e-07
721.2	5.2119e-07
721.4	5.8302e-07
721.6	6.5217e-07
721.8	7.2953e-07
722.0	8.1606e-07
722.2	9.1286e-07
722.4	1.0211e-06
722.6	1.1423e-06
722.8	1.2777e-06
723.0	1.4293e-06
723.2	1.7734e-06
723.4	2.2244e-06
723.6	2.7902e-06
723.8	3.4998e-06
724.0	4.3899e-06
724.2	5.5063e-06
724.4	6.9067e-06
724.6	8.6633e-06
724.8	1.0867e-05
725.0	1.363e-05
725.2	1.5157e-05
725.4	1.6473e-05
725.6	1.7904e-05
725.8	1.9458e-05
726.0	2.1148e-05
726.2	2.2984e-05
726.4	2.4979e-05
726.6	2.7148e-05
726.8	2.9506e-05
727.0	3.2067e-05
727.2	2.8959e-05
727.4	2.4463e-05
727.6	2.0664e-05
727.8	1.7456e-05
728.0	1.4745e-05
728.2	1.2456e-05
728.4	1.0522e-05
728.6	8.8881e-06
728.8	7.5081e-06
729.0	6.3423e-06
729.2	6.0051e-06
729.4	5.8557e-06
729.6	5.7099e-06
729.8	5.5678e-06
730.0	5.4293e-06
730.2	5.2941e-06
730.4	5.1624e-06
730.6	5.0339e-06
730.8	4.9086e-06
731.0	4.7865e-06
731.2	4.9796e-06
731.4	5.2376e-06
731.6	5.5091e-06
731.8	5.7946e-06
732.0	6.095e-06
732.2	6.4109e-06
732.4	6.7431e-06
732.6	7.0926e-06
732.8	7.4602e-06
733.0	7.8469e-06
733.2	8.577e-06
733.4	9.4064e-06
733.6	1.0316e-05
733.8	1.1314e-05
734.0	1.2408e-05
734.2	1.3608e-05
734.4	1.4924e-05
734.6	1.6367e-05
734.8	1.795e-05
735.0	1.9685e-05
735.2	2.0143e-05
735.4	2.0331e-05
735.6	2.052e-05
735.8	2.0711e-05
736.0	2.0904e-05
736.2	2.1099e-05
736.4	2.1296e-05
736.6	2.1494e-05
736.8	2.1695e-05
737.0	2.1897e-05
737.2	2.0421e-05
737.4	1.8496e-05
737.6	1.6753e-05
737.8	1.5173e-05
738.0	1.3743e-05
738.2	1.2448e-05
738.4	1.1274e-05
738.6	1.0211e-05
738.8	9.2489e-06
739.0	8.377e-06
739.2	7.8967e-06
739.4	7.521e-06
739.6	7.1633e-06
739.8	6.8225e-06
740.0	6.4979e-06
740.2	6.1888e-06
740.4	5.8944e-06
740.6	5.614e-06
740.8	5.347e-06
741.0	5.0926e-06
741.2	5.0751e-06
741.4	5.0936e-06
741.6	5.1121e-06
741.8	5.1307e-06
742.0	5.1494e-06
742.2	5.1681e-06
742.4	5.1869e-06
742.6	5.2058e-06
742.8	5.2248e-06
743.0	5.2438e-06
743.2	5.4343e-06
743.4	5.6443e-06
743.6	5.8624e-06
743.8	6.0889e-06
744.0	6.3242e-06
744.2	6.5685e-06
744.4	6.8223e-06
744.6	7.086e-06
744.8	7.3598e-06
745.0	7.6442e-06
745.2	8.2509e-06
745.4	8.9787e-06
745.6	9.7707e-06
745.8	1.0633e-05
746.0	1.157e-05
746.2	1.2591e-05
746.4	1.3702e-05
746.6	1.491e-05
746.8	1.6225e-05
747.0	1.7657e-05
747.2	1.7646e-05
747.4	1.7018e-05
747.6	1.6413e-05
747.8	1.5829e-05
748.0	1.5266e-05
748.2	1.4723e-05
748.4	1.4199e-05
748.6	1.3694e-05
748.8	1.3207e-05
749.0	1.2737e-05
749.2	1.167e-05
749.4	1.0535e-05
749.6	9.5099e-06
749.8	8.5847e-06
750.0	7.7495e-06
750.2	6.9956e-06
750.4	6.3151e-06
750.6	5.7007e-06
750.8	5.1461e-06
751.0	4.6455e-06
751.2	4.3239e-06
751.4	4.0464e-06
751.6	3.7868e-06
751.8	3.5438e-06
752.0	3.3164e-06
752.2	3.1036e-06
752.4	2.9044e-06
752.6	2.718e-06
752.8	2.5436e-06
753.0	2.3804e-06
753.2	2.2698e-06
753.4	2.1674e-06
753.6	2.0696e-06
753.8	1.9762e-06
754.0	1.887e-06
754.2	1.8019e-06
754.4	1.7206e-06
754.6	1.643e-06
754.8	1.5688e-06
755.0	1.498e-06
755.2	1.4893e-06
755.4	1.4946e-06
755.6	1.5e-06
755.8	1.5054e-06
756.0	1.5108e-06
756.2	1.5163e-06
756.4	1.5217e-06
756.6	1.5272e-06
756.8	1.5327e-06
757.0	1.5382e-06
757.2	1.5562e-06
757.4	1.5801e-06
757.6	1.6044e-06
757.8	1.6291e-06
758.0	1.6541e-06
758.2	1.6795e-06
758.4	1.7054e-06
758.6	1.7316e-06
758.8	1.7582e-06
759.0	1.7852e-06
759.2	1.8445e-06
759.4	1.9156e-06
759.6	1.9895e-06
759.8	2.0662e-06
760.0	2.1459e-06
760.2	2.2287e-06
760.4	2.3147e-06
760.6	2.404e-06
760.8	2.4967e-06
761.0	2.593e-06
761.2	2.7387e-06
761.4	2.9011e-06
761.6	3.0732e-06
761.8	3.2555e-06
762.0	3.4486e-06
762.2	3.6532e-06
762.4	3.8699e-06
762.6	4.0994e-06
762.8	4.3426e-06
763.0	4.6002e-06
763.2	4.8558e-06
763.4	5.1245e-06
763.6	5.4079e-06
763.8	5.7071e-06
764.0	6.0228e-06
764.2	6.356e-06
764.4	6.7076e-06
764.6	7.0787e-06
764.8	7.4703e-06
765.0	7.8835e-06
765.2	8.1589e-06
765.4	8.4055e-06
765.6	8.6594e-06
765.8	8.9211e-06
766.0	9.1906e-06
766.2	9.4683e-06
766.4	9.7544e-06
766.6	1.0049e-05
766.8	1.0353e-05
767.0	1.0666e-05
767.2	1.0537e-05
767.4	1.0208e-05
767.6	9.8881e-06
767.8	9.5787e-06
768.0	9.2789e-06
768.2	8.9885e-06
768.4	8.7072e-06
768.6	8.4347e-06
768.8	8.1707e-06
769.0	7.915e-06
769.2	7.69e-06
769.4	7.478e-06
769.6	7.2719e-06
769.8	7.0714e-06
770.0	6.8764e-06
770.2	6.6869e-06
770.4	6.5025e-06
770.6	6.3233e-06
770.8	6.1489e-06
771.0	5.9794e-06
771.2	5.9271e-06
771.4	5.8943e-06
771.6	5.8616e-06
771.8	5.8292e-06
772.0	5.7969e-06
772.2	5.7649e-06
772.4	5.733e-06
772.6	5.7012e-06
772.8	5.6697e-06
773.0	5.6383e-06
773.2	5.6915e-06
773.4	5.7502e-06
773.6	5.8096e-06
773.8	5.8695e-06
774.0	5.9301e-06
774.2	5.9912e-06
774.4	6.053e-06
774.6	6.1155e-06
774.8	6.1786e-06
775.0	6.2423e-06
775.2	6.5192e-06
775.4	6.8615e-06
775.6	7.2218e-06
775.8	7.601e-06
776.0	8.0e-06
776.2	8.4201e-06
776.4	8.8622e-06
776.6	9.3275e-06
776.8	9.8172e-06
777.0	1.0333e-05
777.2	1.0733e-05
777.4	1.1077e-05
777.6	1.1432e-05
777.8	1.1798e-05
778.0	1.2176e-05
778.2	1.2566e-05
778.4	1.2968e-05
778.6	1.3384e-05
778.8	1.3812e-05
779.0	1.4255e-05
779.2	1.4209e-05
779.4	1.4009e-05
779.6	1.3812e-05
779.8	1.3618e-05
780.0	1.3427e-05
780.2	1.3238e-05
780.4	1.3052e-05
780.6	1.2868e-05
780.8	1.2687e-05
781.0	1.2509e-05
781.2	1.2019e-05
781.4	1.1498e-05
781.6	1.1e-05
781.8	1.0523e-05
782.0	1.0067e-05
782.2	9.6311e-06
782.4	9.2138e-06
782.6	8.8145e-06
782.8	8.4326e-06
783.0	8.0671e-06
783.2	7.7269e-06
783.4	7.4014e-06
783.6	7.0896e-06
783.8	6.791e-06
784.0	6.5049e-06
784.2	6.2309e-06
784.4	5.9685e-06
784.6	5.7171e-06
784.8	5.4762e-06
785.0	5.2456e-06
785.2	5.2044e-06
785.4	5.2063e-06
785.6	5.2083e-06
785.8	5.2102e-06
786.0	5.2122e-06
786.2	5.2141e-06
786.4	5.216e-06
786.6	5.218e-06
786.8	5.2199e-06
787.0	5.2219e-06
787.2	5.277e-06
787.4	5.3605e-06
787.6	5.4454e-06
787.8	5.5317e-06
788.0	5.6193e-06
788.2	5.7083e-06
788.4	5.7987e-06
788.6	5.8905e-06
788.8	5.9838e-06
789.0	6.0786e-06
789.2	6.2834e-06
789.4	6.531e-06
789.6	6.7884e-06
789.8	7.0559e-06
790.0	7.3339e-06
790.2	7.6229e-06
790.4	7.9232e-06
790.6	8.2355e-06
790.8	8.56e-06
791.0	8.8973e-06
791.2	9.2975e-06
791.4	9.7243e-06
791.6	1.0171e-05
791.8	1.0637e-05
792.0	1.1126e-05
792.2	1.1636e-05
792.4	1.217e-05
792.6	1.2729e-05
792.8	1.3313e-05
793.0	1.3924e-05
793.2	1.3672e-05
793.4	1.3393e-05
793.6	1.312e-05
793.8	1.2852e-05
794.0	1.259e-05
794.2	1.2333e-05
794.4	1.2081e-05
794.6	1.1835e-05
794.8	1.1594e-05
795.0	1.1191e-05
795.2	9.0069e-06
795.4	7.2491e-06
795.6	5.8344e-06
795.8	4.6958e-06
796.0	3.7793e-06
796.2	2.3017e-06
796.4	9.613e-07
796.6	4.0149e-07
796.8	1.6768e-07
797.0	7.0032e-08
797.2	2.9249e-08
797.4	1.2216e-08
797.6	5.1019e-09
797.8	2.1308e-09
798.0	8.8994e-10
798.2	5.9053e-10
798.4	5.9078e-10
798.6	5.9103e-10
798.8	5.9128e-10
799.0	5.9153e-10
799.2	5.9178e-10
799.4	5.9203e-10
799.6	5.9228e-10
799.8	5.9253e-10
800.0	5.9278e-10
800.2	5.9298e-10
800.4	5.9314e-10
800.6	5.9331e-10
800.8	5.9348e-10
801.0	5.9365e-10
801.2	5.9381e-10
801.4	5.9398e-10
801.6	5.9415e-10
801.8	5.9432e-10
802.0	5.9449e-10
802.2	5.946e-10
802.4	5.947e-10
802.6	5.948e-10
802.8	5.949e-10
803.0	5.95e-10
803.2	5.9509e-10
803.4	5.9519e-10
803.6	5.9529e-10
803.8	5.9539e-10
804.0	5.9549e-10
804.2	5.9586e-10
804.4	5.9628e-10
804.6	5.967e-10
804.8	5.9712e-10
805.0	5.9754e-10
805.2	5.9796e-10
805.4	5.9838e-10
805.6	5.9881e-10
805.8	5.9923e-10
806.0	5.9965e-10
806.2	5.9985e-10
806.4	5.997e-10
806.6	5.9956e-10
806.8	5.9941e-10
807.0	5.9926e-10
807.2	5.9912e-10
807.4	5.9897e-10
807.6	5.9882e-10
807.8	5.9868e-10
808.0	5.9853e-10
808.2	5.9824e-10
808.4	5.978e-10
808.6	5.9737e-10
808.8	5.9694e-10
809.0	5.965e-10
809.2	5.9607e-10
809.4	5.9563e-10
809.6	5.952e-10
809.8	5.9477e-10
810.0	5.9434e-10
810.2	9.0275e-10
810.4	1.7821e-09
810.6	3.5181e-09
810.8	6.9452e-09
811.0	1.3711e-08
811.2	2.7067e-08
811.4	5.3433e-08
811.6	1.0548e-07
811.8	2.0824e-07
812.0	4.1108e-07
812.2	5.4386e-07
812.4	6.2285e-07
812.6	7.1331e-07
812.8	8.1691e-07
813.0	9.3555e-07
813.2	1.0714e-06
813.4	1.227e-06
813.6	1.4052e-06
813.8	1.6093e-06
814.0	1.8431e-06
814.2	2.0504e-06
814.4	2.2698e-06
814.6	2.5127e-06
814.8	2.7816e-06
815.0	3.0793e-06
815.2	3.4088e-06
815.4	3.7737e-06
815.6	4.1775e-06
815.8	4.6246e-06
816.0	5.1195e-06
816.2	5.567e-06
816.4	5.8902e-06
816.6	6.2322e-06
816.8	6.5941e-06
817.0	6.9769e-06
817.2	7.382e-06
817.4	7.8106e-06
817.6	8.264e-06
817.8	8.7438e-06
818.0	9.2515e-06
818.2	9.6313e-06
818.4	9.8748e-06
818.6	1.0124e-05
818.8	1.038e-05
819.0	1.0643e-05
819.2	1.0912e-05
819.4	1.1188e-05
819.6	1.1471e-05
819.8	1.1761e-05
820.0	1.2058e-05
820.2	1.2228e-05
820.4	1.2321e-05
820.6	1.2415e-05
820.8	1.2509e-05
821.0	1.2605e-05
821.2	1.2701e-05
821.4	1.2798e-05
821.6	1.2895e-05
821.8	1.2994e-05
822.0	1.3093e-05
822.2	1.3117e-05
822.4	1.3118e-05
822.6	1.3119e-05
822.8	1.312e-05
823.0	1.3121e-05
823.2	1.3122e-05
823.4	1.3123e-05
823.6	1.3123e-05
823.8	1.3124e-05
824.0	1.3125e-05
824.2	1.2942e-05
824.4	1.2738e-05
824.6	1.2536e-05
824.8	1.2339e-05
825.0	1.2144e-05
825.2	1.1952e-05
825.4	1.1764e-05
825.6	1.1578e-05
825.8	1.1395e-05
826.0	1.1215e-05
826.2	1.0934e-05
826.4	1.0499e-05
826.6	1.0081e-05
826.8	9.6793e-06
827.0	9.2939e-06
827.2	8.924e-06
827.4	8.5687e-06
827.6	8.2276e-06
827.8	7.9e-06
828.0	7.5855e-06
828.2	7.1732e-06
828.4	6.6825e-06
828.6	6.2253e-06
828.8	5.7994e-06
829.0	5.4027e-06
829.2	5.0331e-06
829.4	4.6887e-06
829.6	4.368e-06
829.8	4.0691e-06
830.0	3.7908e-06
830.2	3.5117e-06
830.4	3.2426e-06
830.6	2.9942e-06
830.8	2.7647e-06
831.0	2.5529e-06
831.2	2.3573e-06
831.4	2.1767e-06
831.6	2.0099e-06
831.8	1.8559e-06
832.0	1.7137e-06
832.2	1.5754e-06
832.4	1.4462e-06
832.6	1.3276e-06
832.8	1.2187e-06
833.0	1.1188e-06
833.2	1.027e-06
833.4	9.4279e-07
833.6	8.6548e-07
833.8	7.945e-07
834.0	7.2935e-07
834.2	6.9277e-07
834.4	6.6052e-07
834.6	6.2977e-07
834.8	6.0045e-07
835.0	5.725e-07
835.2	5.4585e-07
835.4	5.2044e-07
835.6	4.9621e-07
835.8	4.7311e-07
836.0	4.5109e-07
836.2	4.2938e-07
836.4	4.0757e-07
836.6	3.8687e-07
836.8	3.6723e-07
837.0	3.4858e-07
837.2	3.3087e-07
837.4	3.1407e-07
837.6	2.9812e-07
837.8	2.8298e-07
838.0	2.6861e-07
838.2	2.4845e-07
838.4	2.2394e-07
838.6	2.0184e-07
838.8	1.8193e-07
839.0	1.6398e-07
839.2	1.478e-07
839.4	1.3321e-07
839.6	1.2007e-07
839.8	1.0822e-07
840.0	9.7545e-08
840.2	9.5748e-08
840.4	9.8708e-08
840.6	1.0176e-07
840.8	1.049e-07
841.0	1.0815e-07
841.2	1.1149e-07
841.4	1.1493e-07
841.6	1.1849e-07
841.8	1.2215e-07
842.0	1.2592e-07
842.2	1.2446e-07
842.4	1.2147e-07
842.6	1.1855e-07
842.8	1.157e-07
843.0	1.1292e-07
843.2	1.1021e-07
843.4	1.0756e-07
843.6	1.0497e-07
843.8	1.0245e-07
844.0	9.9989e-08
844.2	1.0612e-07
844.4	1.1357e-07
844.6	1.2154e-07
844.8	1.3007e-07
845.0	1.392e-07
845.2	1.4897e-07
845.4	1.5943e-07
845.6	1.7062e-07
845.8	1.8259e-07
846.0	1.9541e-07
846.2	2.0822e-07
846.4	2.1985e-07
846.6	2.3214e-07
846.8	2.4511e-07
847.0	2.588e-07
847.2	2.7326e-07
847.4	2.8852e-07
847.6	3.0464e-07
847.8	3.2166e-07
848.0	3.3963e-07
848.2	3.5786e-07
848.4	3.7612e-07
848.6	3.9532e-07
848.8	4.1549e-07
849.0	4.367e-07
849.2	4.5898e-07
849.4	4.8241e-07
849.6	5.0703e-07
849.8	5.329e-07
850.0	5.601e-07
850.2	5.9257e-07
850.4	6.2968e-07
850.6	6.6912e-07
850.8	7.1102e-07
851.0	7.5555e-07
851.2	8.0287e-07
851.4	8.5316e-07
851.6	9.0659e-07
851.8	9.6337e-07
852.0	1.0237e-06
852.2	1.1144e-06
852.4	1.2232e-06
852.6	1.3426e-06
852.8	1.4737e-06
853.0	1.6176e-06
853.2	1.7755e-06
853.4	1.9488e-06
853.6	2.1391e-06
853.8	2.3479e-06
854.0	2.5771e-06
854.2	2.6839e-06
854.4	2.7771e-06
854.6	2.8734e-06
854.8	2.9731e-06
855.0	3.0763e-06
855.2	3.1831e-06
855.4	3.2935e-06
855.6	3.4078e-06
855.8	3.526e-06
856.0	3.6484e-06
856.2	3.7891e-06
856.4	3.9696e-06
856.6	4.1587e-06
856.8	4.3568e-06
857.0	4.5643e-06
857.2	4.7817e-06
857.4	5.0095e-06
857.6	5.2481e-06
857.8	5.4981e-06
858.0	5.7601e-06
858.2	5.8875e-06
858.4	5.8356e-06
858.6	5.7842e-06
858.8	5.7332e-06
859.0	5.6827e-06
859.2	5.6326e-06
859.4	5.583e-06
859.6	5.5338e-06
859.8	5.485e-06
860.0	5.4367e-06
860.2	5.2938e-06
860.4	5.0928e-06
860.6	4.8993e-06
860.8	4.7133e-06
861.0	4.5343e-06
861.2	4.362e-06
861.4	4.1964e-06
861.6	4.037e-06
861.8	3.8837e-06
862.0	3.7362e-06
862.2	3.6112e-06
862.4	3.4961e-06
862.6	3.3846e-06
862.8	3.2767e-06
863.0	3.1722e-06
863.2	3.0711e-06
863.4	2.9731e-06
863.6	2.8783e-06
863.8	2.7866e-06
864.0	2.6977e-06
864.2	2.6295e-06
864.4	2.5649e-06
864.6	2.5019e-06
864.8	2.4405e-06
865.0	2.3805e-06
865.2	2.3221e-06
865.4	2.2651e-06
865.6	2.2094e-06
865.8	2.1552e-06
866.0	2.1023e-06
866.2	2.0736e-06
866.4	2.092e-06
866.6	2.1106e-06
866.8	2.1294e-06
867.0	2.1483e-06
867.2	2.1674e-06
867.4	2.1867e-06
867.6	2.2061e-06
867.8	2.2257e-06
868.0	2.2455e-06
868.2	2.2706e-06
868.4	2.3017e-06
868.6	2.3331e-06
868.8	2.365e-06
869.0	2.3974e-06
869.2	2.4301e-06
869.4	2.4633e-06
869.6	2.497e-06
869.8	2.5311e-06
870.0	2.5657e-06
870.2	2.6214e-06
870.4	2.6905e-06
870.6	2.7615e-06
870.8	2.8343e-06
871.0	2.909e-06
871.2	2.9856e-06
871.4	3.0643e-06
871.6	3.1451e-06
871.8	3.228e-06
872.0	3.3131e-06
872.2	3.41e-06
872.4	3.5124e-06
872.6	3.6178e-06
872.8	3.7264e-06
873.0	3.8382e-06
873.2	3.9534e-06
873.4	4.0721e-06
873.6	4.1943e-06
873.8	4.3202e-06
874.0	4.4498e-06
874.2	4.4997e-06
874.4	4.5462e-06
874.6	4.5932e-06
874.8	4.6406e-06
875.0	4.6886e-06
875.2	4.737e-06
875.4	4.786e-06
875.6	4.8354e-06
875.8	4.8854e-06
876.0	4.9359e-06
876.2	4.967e-06
876.4	4.9483e-06
876.6	4.9297e-06
876.8	4.9111e-06
877.0	4.8927e-06
877.2	4.8743e-06
877.4	4.8559e-06
877.6	4.8377e-06
877.8	4.8195e-06
878.0	4.8014e-06
878.2	4.7158e-06
878.4	4.5505e-06
878.6	4.391e-06
878.8	4.2371e-06
879.0	4.0886e-06
879.2	3.9453e-06
879.4	3.807e-06
879.6	3.6735e-06
879.8	3.5448e-06
880.0	3.4205e-06
880.2	3.2836e-06
880.4	3.1416e-06
880.6	3.0058e-06
880.8	2.8758e-06
881.0	2.7514e-06
881.2	2.6325e-06
881.4	2.5186e-06
881.6	2.4097e-06
881.8	2.3055e-06
882.0	2.2058e-06
882.2	2.123e-06
882.4	2.0471e-06
882.6	1.9738e-06
882.8	1.9031e-06
883.0	1.835e-06
883.2	1.7693e-06
883.4	1.706e-06
883.6	1.6449e-06
883.8	1.586e-06
884.0	1.5293e-06
884.2	1.4818e-06
884.4	1.4362e-06
884.6	1.392e-06
884.8	1.3492e-06
885.0	1.3078e-06
885.2	1.2676e-06
885.4	1.2286e-06
885.6	1.1908e-06
885.8	1.1542e-06
886.0	1.1187e-06
886.2	1.0923e-06
886.4	1.0862e-06
886.6	1.0802e-06
886.8	1.0742e-06
887.0	1.0682e-06
887.2	1.0623e-06
887.4	1.0564e-06
887.6	1.0505e-06
887.8	1.0447e-06
888.0	1.0389e-06
888.2	1.0332e-06
888.4	1.0277e-06
888.6	1.0221e-06
888.8	1.0167e-06
889.0	1.0112e-06
889.2	1.0058e-06
889.4	1.0004e-06
889.6	9.95e-07
889.8	9.8966e-07
890.0	9.8435e-07
890.2	9.8076e-07
890.4	9.7821e-07
890.6	9.7568e-07
890.8	9.7315e-07
891.0	9.7063e-07
891.2	9.6812e-07
891.4	9.6561e-07
891.6	9.6311e-07
891.8	9.6061e-07
892.0	9.5812e-07
892.2	9.6502e-07
892.4	9.7442e-07
892.6	9.8391e-07
892.8	9.9349e-07
893.0	1.0032e-06
893.2	1.0129e-06
893.4	1.0228e-06
893.6	1.0328e-06
893.8	1.0428e-06
894.0	1.053e-06
894.2	1.067e-06
894.4	1.0814e-06
894.6	1.0959e-06
894.8	1.1107e-06
895.0	1.1256e-06
895.2	1.1408e-06
895.4	1.1562e-06
895.6	1.1717e-06
895.8	1.1875e-06
896.0	1.2035e-06
896.2	1.2258e-06
896.4	1.2681e-06
896.6	1.3117e-06
896.8	1.3569e-06
897.0	1.4037e-06
897.2	1.452e-06
897.4	1.502e-06
897.6	1.5538e-06
897.8	1.6073e-06
898.0	1.6626e-06
898.2	1.7176e-06
898.4	1.771e-06
898.6	1.8261e-06
898.8	1.8829e-06
899.0	1.9414e-06
899.2	2.0018e-06
899.4	2.0641e-06
899.6	2.1282e-06
899.8	2.1944e-06
900.0	2.2627e-06
900.2	2.3423e-06
900.4	2.4313e-06
900.6	2.5237e-06
900.8	2.6196e-06
901.0	2.7192e-06
901.2	2.8225e-06
901.4	2.9298e-06
901.6	3.0411e-06
901.8	3.1567e-06
902.0	3.2766e-06
902.2	3.3927e-06
902.4	3.5104e-06
902.6	3.6322e-06
902.8	3.7583e-06
903.0	3.8887e-06
903.2	4.0236e-06
903.4	4.1632e-06
903.6	4.3076e-06
903.8	4.4571e-06
904.0	4.6117e-06
904.2	4.7032e-06
904.4	4.7931e-06
904.6	4.8849e-06
904.8	4.9783e-06
905.0	5.0736e-06
905.2	5.1707e-06
905.4	5.2696e-06
905.6	5.3705e-06
905.8	5.4733e-06
906.0	5.578e-06
906.2	5.6594e-06
906.4	5.6765e-06
906.6	5.6937e-06
906.8	5.7109e-06
907.0	5.7281e-06
907.2	5.7454e-06
907.4	5.7628e-06
907.6	5.7802e-06
907.8	5.7976e-06
908.0	5.8151e-06
908.2	5.792e-06
908.4	5.7217e-06
908.6	5.6522e-06
908.8	5.5836e-06
909.0	5.5159e-06
909.2	5.4489e-06
909.4	5.3828e-06
909.6	5.3174e-06
909.8	5.2529e-06
910.0	5.1891e-06
910.2	5.1179e-06
910.4	5.0432e-06
910.6	4.9695e-06
910.8	4.8969e-06
911.0	4.8253e-06
911.2	4.7548e-06
911.4	4.6853e-06
911.6	4.6169e-06
911.8	4.5494e-06
912.0	4.483e-06
912.2	4.4215e-06
912.4	4.3618e-06
912.6	4.3029e-06
912.8	4.2447e-06
913.0	4.1874e-06
913.2	4.1308e-06
913.4	4.075e-06
913.6	4.0199e-06
913.8	3.9656e-06
914.0	3.9125e-06
914.2	3.8874e-06
914.4	3.8626e-06
914.6	3.8378e-06
914.8	3.8133e-06
915.0	3.7889e-06
915.2	3.7647e-06
915.4	3.7406e-06
915.6	3.7166e-06
915.8	3.6929e-06
916.0	3.6692e-06
916.2	3.6562e-06
916.4	3.6765e-06
916.6	3.6969e-06
916.8	3.7174e-06
917.0	3.738e-06
917.2	3.7587e-06
917.4	3.7796e-06
917.6	3.8005e-06
917.8	3.8216e-06
918.0	3.8428e-06
918.2	3.8703e-06
918.4	3.9065e-06
918.6	3.9429e-06
918.8	3.9798e-06
919.0	4.017e-06
919.2	4.0545e-06
919.4	4.0924e-06
919.6	4.1306e-06
919.8	4.1692e-06
920.0	4.2081e-06
920.2	4.2603e-06
920.4	4.3213e-06
920.6	4.3831e-06
920.8	4.4459e-06
921.0	4.5095e-06
921.2	4.574e-06
921.4	4.6395e-06
921.6	4.7059e-06
921.8	4.7732e-06
922.0	4.8416e-06
922.2	4.9185e-06
922.4	4.9985e-06
922.6	5.0799e-06
922.8	5.1626e-06
923.0	5.2466e-06
923.2	5.332e-06
923.4	5.4188e-06
923.6	5.5069e-06
923.8	5.5966e-06
924.0	5.6877e-06
924.2	5.7588e-06
924.4	5.8308e-06
924.6	5.9037e-06
924.8	5.9776e-06
925.0	6.0523e-06
925.2	6.128e-06
925.4	6.2047e-06
925.6	6.2823e-06
925.8	6.3608e-06
926.0	6.4404e-06
926.2	6.5072e-06
926.4	6.526e-06
926.6	6.5448e-06
926.8	6.5637e-06
927.0	6.5827e-06
927.2	6.6017e-06
927.4	6.6207e-06
927.6	6.6398e-06
927.8	6.659e-06
928.0	6.6782e-06
928.2	6.6643e-06
928.4	6.6033e-06
928.6	6.5428e-06
928.8	6.4829e-06
929.0	6.4235e-06
929.2	6.3646e-06
929.4	6.3063e-06
929.6	6.2485e-06
929.8	6.1913e-06
930.0	6.1346e-06
930.2	6.0507e-06
930.4	5.9506e-06
930.6	5.8522e-06
930.8	5.7553e-06
931.0	5.6601e-06
931.2	5.5665e-06
931.4	5.4744e-06
931.6	5.3838e-06
931.8	5.2947e-06
932.0	5.2071e-06
932.2	5.111e-06
932.4	5.0142e-06
932.6	4.9193e-06
932.8	4.8262e-06
933.0	4.7349e-06
933.2	4.6452e-06
933.4	4.5573e-06
933.6	4.4711e-06
933.8	4.3864e-06
934.0	4.3034e-06
934.2	4.2257e-06
934.4	4.1493e-06
934.6	4.0744e-06
934.8	4.0007e-06
935.0	3.9284e-06
935.2	3.8575e-06
935.4	3.7878e-06
935.6	3.7193e-06
935.8	3.6521e-06
936.0	3.5861e-06
936.2	3.5251e-06
936.4	3.4773e-06
936.6	3.4302e-06
936.8	3.3837e-06
937.0	3.3379e-06
937.2	3.2927e-06
937.4	3.2481e-06
937.6	3.2041e-06
937.8	3.1607e-06
938.0	3.1178e-06
938.2	3.0826e-06
938.4	3.0571e-06
938.6	3.0317e-06
938.8	3.0066e-06
939.0	2.9816e-06
939.2	2.9569e-06
939.4	2.9324e-06
939.6	2.9081e-06
939.8	2.8839e-06
940.0	2.86e-06
940.2	2.8465e-06
940.4	2.8391e-06
940.6	2.8316e-06
940.8	2.8242e-06
941.0	2.8168e-06
941.2	2.8094e-06
941.4	2.8021e-06
941.6	2.7947e-06
941.8	2.7874e-06
942.0	2.7801e-06
942.2	2.7849e-06
942.4	2.7919e-06
942.6	2.799e-06
942.8	2.8061e-06
943.0	2.8132e-06
943.2	2.8204e-06
943.4	2.8275e-06
943.6	2.8347e-06
943.8	2.8419e-06
944.0	2.8498e-06
944.2	2.8726e-06
944.4	2.8955e-06
944.6	2.9186e-06
944.8	2.9419e-06
945.0	2.9653e-06
945.2	2.989e-06
945.4	3.0129e-06
945.6	3.0369e-06
945.8	3.0611e-06
946.0	3.0856e-06
946.2	3.1152e-06
946.4	3.1632e-06
946.6	3.212e-06
946.8	3.2615e-06
947.0	3.3118e-06
947.2	3.3628e-06
947.4	3.4147e-06
947.6	3.4673e-06
947.8	3.5207e-06
948.0	3.575e-06
948.2	3.6361e-06
948.4	3.7064e-06
948.6	3.7781e-06
948.8	3.8511e-06
949.0	3.9256e-06
949.2	4.0015e-06
949.4	4.0788e-06
949.6	4.1577e-06
949.8	4.238e-06
950.0	4.32e-06
950.2	4.4289e-06
950.4	4.5552e-06
950.6	4.6852e-06
950.8	4.8188e-06
951.0	4.9563e-06
951.2	5.0977e-06
951.4	5.2431e-06
951.6	5.3927e-06
951.8	5.5466e-06
952.0	5.7048e-06
952.2	5.8975e-06
952.4	6.1023e-06
952.6	6.3142e-06
952.8	6.5334e-06
953.0	6.7603e-06
953.2	6.995e-06
953.4	7.2378e-06
953.6	7.4891e-06
953.8	7.7492e-06
954.0	8.0254e-06
954.2	8.4183e-06
954.4	8.8305e-06
954.6	9.2629e-06
954.8	9.7165e-06
955.0	1.0192e-05
955.2	1.0691e-05
955.4	1.1215e-05
955.6	1.1773e-05
955.8	1.2372e-05
956.0	1.3002e-05
956.2	1.365e-05
956.4	1.4272e-05
956.6	1.4922e-05
956.8	1.5601e-05
957.0	1.6486e-05
957.2	1.7437e-05
957.4	1.8442e-05
957.6	1.9601e-05
957.8	2.0887e-05
958.0	2.2257e-05
958.2	2.3685e-05
958.4	2.5153e-05
958.6	2.6712e-05
958.8	2.8379e-05
959.0	3.0223e-05
959.2	3.2187e-05
959.4	3.4278e-05
959.6	3.6773e-05
959.8	3.949e-05
960.0	4.2409e-05
960.2	4.5884e-05
960.4	4.9878e-05
960.6	5.4218e-05
960.8	5.8857e-05
961.0	6.3734e-05
961.2	6.9016e-05
961.4	7.4794e-05
961.6	8.1665e-05
961.8	8.9167e-05
962.0	9.7359e-05
962.2	1.0598e-04
962.4	1.153e-04
962.6	1.2543e-04
962.8	1.3624e-04
963.0	1.478e-04
963.2	1.6035e-04
963.4	1.7275e-04
963.6	1.833e-04
963.8	1.945e-04
964.0	2.0606e-04
964.2	2.1265e-04
964.4	2.1945e-04
964.6	2.2647e-04
964.8	2.2815e-04
965.0	2.2846e-04
965.2	2.2618e-04
965.4	2.2393e-04
965.6	2.1917e-04
965.8	2.1113e-04
966.0	2.0339e-04
966.2	1.9553e-04
966.4	1.8597e-04
966.6	1.7687e-04
966.8	1.6822e-04
967.0	1.5991e-04
967.2	1.52e-04
967.4	1.4448e-04
967.6	1.37e-04
967.8	1.2972e-04
968.0	1.2283e-04
968.2	1.1672e-04
968.4	1.1153e-04
968.6	1.0658e-04
968.8	1.0187e-04
969.0	9.7554e-05
969.2	9.3422e-05
969.4	8.9465e-05
969.6	8.6026e-05
969.8	8.2772e-05
970.0	7.9641e-05
970.2	7.7025e-05
970.4	7.4745e-05
970.6	7.2532e-05
970.8	7.0509e-05
971.0	6.8772e-05
971.2	6.7077e-05
971.4	6.5445e-05
971.6	6.4056e-05
971.8	6.2697e-05
972.0	6.1367e-05
972.2	6.0282e-05
972.4	5.9261e-05
972.6	5.8257e-05
972.8	5.7409e-05
973.0	5.6675e-05
973.2	5.595e-05
973.4	5.5295e-05
973.6	5.4778e-05
973.8	5.4266e-05
974.0	5.3781e-05
974.2	5.3643e-05
974.4	5.3506e-05
974.6	5.3369e-05
974.8	5.2864e-05
975.0	5.2277e-05
975.2	5.2015e-05
975.4	5.1755e-05
975.6	5.1496e-05
975.8	5.1238e-05
976.0	5.0982e-05
976.2	5.0835e-05
976.4	5.1201e-05
976.6	5.157e-05
976.8	5.1941e-05
977.0	5.2315e-05
977.2	5.2692e-05
977.4	5.3071e-05
977.6	5.3453e-05
977.8	5.3838e-05
978.0	5.4226e-05
978.2	5.4789e-05
978.4	5.5616e-05
978.6	5.6454e-05
978.8	5.7306e-05
979.0	5.8171e-05
979.2	5.9048e-05
979.4	5.9939e-05
979.6	6.0843e-05
979.8	6.1761e-05
980.0	6.2693e-05
980.2	6.3986e-05
980.4	6.551e-05
980.6	6.7071e-05
980.8	6.8669e-05
981.0	7.0305e-05
981.2	7.198e-05
981.4	7.3695e-05
981.6	7.5451e-05
981.8	7.7249e-05
982.0	7.9089e-05
982.2	8.1448e-05
982.4	8.395e-05
982.6	8.6529e-05
982.8	8.9187e-05
983.0	9.1927e-05
983.2	9.4751e-05
983.4	9.7661e-05
983.6	1.0066e-04
983.8	1.0375e-04
984.0	1.0705e-04
984.2	1.1144e-04
984.4	1.16e-04
984.6	1.2075e-04
984.8	1.257e-04
985.0	1.3084e-04
985.2	1.362e-04
985.4	1.4178e-04
985.6	1.4759e-04
985.8	1.5363e-04
986.0	1.5991e-04
986.2	1.6642e-04
986.4	1.732e-04
986.6	1.8012e-04
986.8	1.8729e-04
987.0	1.9521e-04
987.2	2.0399e-04
987.4	2.1318e-04
987.6	2.236e-04
987.8	2.3454e-04
988.0	2.4516e-04
988.2	2.5564e-04
988.4	2.665e-04
988.6	2.7742e-04
988.8	2.8877e-04
989.0	3.0234e-04
989.2	3.1728e-04
989.4	3.3204e-04
989.6	3.4487e-04
989.8	3.582e-04
990.0	3.7155e-04
990.2	3.8528e-04
990.4	3.9949e-04
990.6	4.1419e-04
990.8	4.2943e-04
991.0	4.4141e-04
991.2	4.5352e-04
991.4	4.6479e-04
991.6	4.752e-04
991.8	4.8567e-04
992.0	4.94e-04
992.2	5.0247e-04
992.4	5.0986e-04
992.6	5.1664e-04
992.8	5.2214e-04
993.0	5.2185e-04
993.2	5.2156e-04
993.4	5.2201e-04
993.6	5.2272e-04
993.8	5.2182e-04
994.0	5.1736e-04
994.2	5.1294e-04
994.4	5.0932e-04
994.6	5.0584e-04
994.8	5.0039e-04
995.0	4.9246e-04
995.2	4.7651e-04
995.4	4.6107e-04
995.6	4.4614e-04
995.8	4.4415e-04
996.0	4.425e-04
996.2	4.4086e-04
996.4	4.3922e-04
996.6	4.3759e-04
996.8	4.3451e-04
997.0	4.2788e-04
997.2	4.2134e-04
997.4	4.1491e-04
997.6	4.0857e-04
997.8	4.0233e-04
998.0	3.9657e-04
998.2	3.9114e-04
998.4	3.858e-04
998.6	3.8052e-04
998.8	3.7532e-04
999.0	3.7019e-04
999.2	3.6698e-04
999.4	3.6399e-04
999.6	3.6102e-04
999.8	3.5808e-04
1000.0	3.5516e-04
1000.2	3.5251e-04
1000.4	3.5073e-04
1000.6	3.4897e-04
1000.8	3.4721e-04
1001.0	3.4546e-04
1001.2	3.4372e-04
1001.4	3.4255e-04
1001.6	3.4187e-04
1001.8	3.412e-04
1002.0	3.4053e-04
1002.2	3.3987e-04
1002.4	3.392e-04
1002.6	3.4023e-04
1002.8	3.416e-04
1003.0	3.4298e-04
1003.2	3.4436e-04
1003.4	3.4574e-04
1003.6	3.4744e-04
1003.8	3.509e-04
1004.0	3.5439e-04
1004.2	3.5791e-04
1004.4	3.6147e-04
1004.6	3.6507e-04
1004.8	3.6875e-04
1005.0	3.7252e-04
1005.2	3.8793e-04
1005.4	3.9681e-04
1005.6	4.0309e-04
1005.8	4.0446e-04
1006.0	4.0876e-04
1006.2	4.2591e-04
1006.4	4.2638e-04
1006.6	4.3876e-04
1006.8	4.4204e-04
1007.0	4.4599e-04
1007.2	4.5598e-04
1007.4	4.6536e-04
1007.6	4.8712e-04
1007.8	4.9933e-04
1008.0	5.0484e-04
1008.2	5.1728e-04
1008.4	5.2946e-04
1008.6	5.4764e-04
1008.8	5.7709e-04
1009.0	5.7829e-04
1009.2	6.0015e-04
1009.4	6.2386e-04
1009.6	6.3967e-04
1009.8	6.6472e-04
1010.0	6.813e-04
1010.2	7.1173e-04
1010.4	7.4525e-04
1010.6	7.6689e-04
1010.8	7.9745e-04
1011.0	8.3551e-04
1011.2	8.689e-04
1011.4	9.1395e-04
1011.6	9.4759e-04
1011.8	9.942e-04
1012.0	0.00105
1012.2	0.00111
1012.4	0.00116
1012.6	0.00122
1012.8	0.00129
1013.0	0.00136
1013.2	0.00144
1013.4	0.00153
1013.6	0.00161
1013.8	0.00172
1014.0	0.00185
1014.2	0.00198
1014.4	0.0021
1014.6	0.00226
1014.8	0.00244
1015.0	0.00263
1015.2	0.00285
1015.4	0.00307
1015.6	0.0033
1015.8	0.00359
1016.0	0.00386
1016.2	0.00419
1016.4	0.0045
1016.6	0.00483
1016.8	0.00522
1017.0	0.00562
1017.2	0.00602
1017.4	0.00637
1017.6	0.00679
1017.8	0.0071
1018.0	0.00741
1018.2	0.00758
1018.4	0.00766
1018.6	0.00778
1018.8	0.00783
1019.0	0.00768
1019.2	0.00747
1019.4	0.00721
1019.6	0.00692
1019.8	0.00662
1020.0	0.00625
1020.2	0.00591
1020.4	0.00557
1020.6	0.00523
1020.8	0.00488
1021.0	0.00459
1021.2	0.00428
1021.4	0.00398
1021.6	0.00378
1021.8	0.00353
1022.0	0.00332
1022.2	0.00312
1022.4	0.00293
1022.6	0.0028
1022.8	0.00262
1023.0	0.00247
1023.2	0.00235
1023.4	0.00224
1023.6	0.00213
1023.8	0.00202
1024.0	0.00197
1024.2	0.00186
1024.4	0.00176
1024.6	0.0017
1024.8	0.00164
1025.0	0.0016
1025.2	0.00157
1025.4	0.00151
1025.6	0.00146
1025.8	0.00144
1026.0	0.00136
1026.2	0.00133
1026.4	0.00129
1026.6	0.00125
1026.8	0.00122
1027.0	0.0012
1027.2	0.00117
1027.4	0.00113
1027.6	0.00112
1027.8	0.0011
1028.0	0.00107
1028.2	0.00106
1028.4	0.00101
1028.6	9.9432e-04
1028.8	9.8714e-04
1029.0	9.8475e-04
1029.2	9.6673e-04
1029.4	9.6708e-04
1029.6	9.3697e-04
1029.8	9.1545e-04
1030.0	9.0947e-04
1030.2	9.0592e-04
1030.4	8.9665e-04
1030.6	8.7755e-04
1030.8	8.8613e-04
1031.0	8.6896e-04
1031.2	8.6486e-04
1031.4	8.6237e-04
1031.6	8.4878e-04
1031.8	8.4904e-04
1032.0	8.4115e-04
1032.2	8.3317e-04
1032.4	8.4526e-04
1032.6	8.5065e-04
1032.8	8.5818e-04
1033.0	8.4157e-04
1033.2	8.5076e-04
1033.4	8.347e-04
1033.6	8.3857e-04
1033.8	8.2181e-04
1034.0	8.3373e-04
1034.2	8.4402e-04
1034.4	8.4463e-04
1034.6	8.2674e-04
1034.8	8.5395e-04
1035.0	8.4575e-04
1035.2	8.4493e-04
1035.4	8.5193e-04
1035.6	8.5708e-04
1035.8	8.5775e-04
1036.0	8.628e-04
1036.2	8.7023e-04
1036.4	8.9497e-04
1036.6	9.0253e-04
1036.8	8.8204e-04
1037.0	9.0923e-04
1037.2	9.0244e-04
1037.4	9.1963e-04
1037.6	9.2554e-04
1037.8	9.3122e-04
1038.0	9.6417e-04
1038.2	9.6585e-04
1038.4	9.7698e-04
1038.6	9.8771e-04
1038.8	0.001
1039.0	9.9993e-04
1039.2	0.00106
1039.4	0.00104
1039.6	0.00108
1039.8	0.00107
1040.0	0.0011
1040.2	0.0011
1040.4	0.00113
1040.6	0.00112
1040.8	0.00115
1041.0	0.00114
1041.2	0.00122
1041.4	0.00125
1041.6	0.00127
1041.8	0.00127
1042.0	0.00129
1042.2	0.00132
1042.4	0.00135
1042.6	0.00141
1042.8	0.00142
1043.0	0.00142
1043.2	0.00146
1043.4	0.00151
1043.6	0.00154
1043.8	0.00158
1044.0	0.00162
1044.2	0.00165
1044.4	0.00169
1044.6	0.00176
1044.8	0.00177
1045.0	0.00183
1045.2	0.00187
1045.4	0.00192
1045.6	0.00193
1045.8	0.00199
1046.0	0.00213
1046.2	0.00212
1046.4	0.00219
1046.6	0.00225
1046.8	0.00229
1047.0	0.00235
1047.2	0.00243
1047.4	0.00246
1047.6	0.0026
1047.8	0.0027
1048.0	0.00279
1048.2	0.00286
1048.4	0.00291
1048.6	0.003
1048.8	0.00319
1049.0	0.00328
1049.2	0.00344
1049.4	0.00355
1049.6	0.00369
1049.8	0.00377
1050.0	0.00393
1050.2	0.00409
1050.4	0.00424
1050.6	0.0044
1050.8	0.00461
1051.0	0.00478
1051.2	0.00504
1051.4	0.00526
1051.6	0.0054
1051.8	0.00563
1052.0	0.0059
1052.2	0.00624
1052.4	0.00647
1052.6	0.00677
1052.8	0.00709
1053.0	0.00752
1053.2	0.00787
1053.4	0.00823
1053.6	0.00857
1053.8	0.00912
1054.0	0.00954
1054.2	0.01007
1054.4	0.0106
1054.6	0.01111
1054.8	0.01185
1055.0	0.01244
1055.2	0.01316
1055.4	0.014
1055.6	0.01483
1055.8	0.01573
1056.0	0.01675
1056.2	0.01763
1056.4	0.01876
1056.6	0.01991
1056.8	0.02109
1057.0	0.02247
1057.2	0.02391
1057.4	0.02552
1057.6	0.02729
1057.8	0.02926
1058.0	0.03119
1058.2	0.0331
1058.4	0.03551
1058.6	0.0381
1058.8	0.04068
1059.0	0.04356
1059.2	0.04678
1059.4	0.0504
1059.6	0.05361
1059.8	0.05764
1060.0	0.06183
1060.2	0.06603
1060.4	0.07093
1060.6	0.07589
1060.8	0.08169
1061.0	0.08718
1061.2	0.0939
1061.4	0.09984
1061.6	0.1072
1061.8	0.11421
1062.0	0.12157
1062.2	0.12983
1062.4	0.13686
1062.6	0.14582
1062.8	0.15442
1063.0	0.16332
1063.2	0.17302
1063.4	0.18084
1063.6	0.18925
1063.8	0.19798
1064.0	0.20603
1064.2	0.21424
1064.4	0.22182
1064.6	0.22977
1064.8	0.23626
1065.0	0.24232
1065.2	0.24443
1065.4	0.25086
1065.6	0.25556
1065.8	0.25844
1066.0	0.26231
1066.2	0.26444
1066.4	0.26689
1066.6	0.27107
1066.8	0.27313
1067.0	0.27646
1067.2	0.27991
1067.4	0.27955
1067.6	0.2823
1067.8	0.28296
1068.0	0.28344
1068.2	0.28459
1068.4	0.28573
1068.6	0.28609
1068.8	0.28944
1069.0	0.28953
1069.2	0.29324
1069.4	0.29539
1069.6	0.29683
1069.8	0.29897
1070.0	0.29973
1070.2	0.3019
1070.4	0.30462
1070.6	0.30534
1070.8	0.30983
1071.0	0.31236
1071.2	0.31661
1071.4	0.32086
1071.6	0.32424
1071.8	0.32902
1072.0	0.33241
1072.2	0.33598
1072.4	0.33986
1072.6	0.34359
1072.8	0.34731
1073.0	0.35372
1073.2	0.35677
1073.4	0.3638
1073.6	0.36877
1073.8	0.37433
1074.0	0.37958
1074.2	0.38413
1074.4	0.38999
1074.6	0.39453
1074.8	0.3988
1075.0	0.40384
1075.2	0.40774
1075.4	0.4126
1075.6	0.41767
1075.8	0.42138
1076.0	0.42606
1076.2	0.4311
1076.4	0.43298
1076.6	0.4368
1076.8	0.4377
1077.0	0.43947
1077.2	0.44054
1077.4	0.44028
1077.6	0.44261
1077.8	0.44169
1078.0	0.44076
1078.2	0.4409
1078.4	0.44017
1078.6	0.43934
1078.8	0.43645
1079.0	0.43346
1079.2	0.43214
1079.4	0.42783
1079.6	0.4245
1079.8	0.41965
1080.0	0.41614
1080.2	0.411
1080.4	0.40639
1080.6	0.40122
1080.8	0.397
1081.0	0.39218
1081.2	0.38737
1081.4	0.38221
1081.6	0.37831
1081.8	0.37346
1082.0	0.36606
1082.2	0.36265
1082.4	0.35671
1082.6	0.3521
1082.8	0.34678
1083.0	0.3424
1083.2	0.33897
1083.4	0.33348
1083.6	0.33089
1083.8	0.32597
1084.0	0.3225
1084.2	0.31873
1084.4	0.31579
1084.6	0.31204
1084.8	0.30921
1085.0	0.30618
1085.2	0.30254
1085.4	0.29983
1085.6	0.29801
1085.8	0.29533
1086.0	0.29354
1086.2	0.29074
1086.4	0.28932
1086.6	0.28658
1086.8	0.28527
1087.0	0.28405
1087.2	0.28329
1087.4	0.2829
1087.6	0.28158
1087.8	0.28222
1088.0	0.28318
1088.2	0.28155
1088.4	0.28288
1088.6	0.28296
1088.8	0.28381
1089.0	0.28411
1089.2	0.28515
1089.4	0.28604
1089.6	0.28641
1089.8	0.28818
1090.0	0.28288
1090.2	0.27876
1090.4	0.28227
1090.6	0.28355
1090.8	0.2848
1091.0	0.28879
1091.2	0.28999
1091.4	0.29443
1091.6	0.29537
1091.8	0.30042
1092.0	0.30243
1092.2	0.30603
1092.4	0.31181
1092.6	0.31503
1092.8	0.3219
1093.0	0.32439
1093.2	0.3329
1093.4	0.33804
1093.6	0.34501
1093.8	0.35242
1094.0	0.35956
1094.2	0.36801
1094.4	0.37419
1094.6	0.3838
1094.8	0.39152
1095.0	0.40184
1095.2	0.40977
1095.4	0.41948
1095.6	0.43028
1095.8	0.43791
1096.0	0.44974
1096.2	0.45899
1096.4	0.47414
1096.6	0.48114
1096.8	0.49373
1097.0	0.50416
1097.2	0.51588
1097.4	0.52869
1097.6	0.54084
1097.8	0.55542
1098.0	0.56754
1098.2	0.5819
1098.4	0.59457
1098.6	0.6073
1098.8	0.62
1099.0	0.63193
1099.2	0.64559
1099.4	0.65464
1099.6	0.66815
1099.8	0.67744
1100.0	0.6864
1100.2	0.6949
1100.4	0.70204
1100.6	0.71061
1100.8	0.71344
1101.0	0.71791
1101.2	0.72082
1101.4	0.7197
1101.6	0.71795
1101.8	0.71594
1102.0	0.7114
1102.2	0.7059
1102.4	0.70021
1102.6	0.69358
1102.8	0.68323
1103.0	0.67444
1103.2	0.6655
1103.4	0.65459
1103.6	0.6417
1103.8	0.62831
1104.0	0.61653
1104.2	0.60339
1104.4	0.58973
1104.6	0.57692
1104.8	0.56309
1105.0	0.54907
1105.2	0.53727
1105.4	0.52202
1105.6	0.50857
1105.8	0.49524
1106.0	0.48485
1106.2	0.47008
1106.4	0.45728
1106.6	0.44485
1106.8	0.43339
1107.0	0.42127
1107.2	0.41031
1107.4	0.40111
1107.6	0.38939
1107.8	0.38027
1108.0	0.37044
1108.2	0.36127
1108.4	0.35032
1108.6	0.34497
1108.8	0.33389
1109.0	0.3284
1109.2	0.31988
1109.4	0.31394
1109.6	0.30626
1109.8	0.29902
1110.0	0.29252
1110.2	0.28722
1110.4	0.28052
1110.6	0.27547
1110.8	0.27006
1111.0	0.26546
1111.2	0.25878
1111.4	0.2561
1111.6	0.2504
1111.8	0.2465
1112.0	0.24241
1112.2	0.23846
1112.4	0.23565
1112.6	0.23142
1112.8	0.22865
1113.0	0.22548
1113.2	0.22289
1113.4	0.21965
1113.6	0.21761
1113.8	0.21353
1114.0	0.21289
1114.2	0.20871
1114.4	0.20714
1114.6	0.204
1114.8	0.20235
1115.0	0.20007
1115.2	0.1994
1115.4	0.19706
1115.6	0.1964
1115.8	0.19465
1116.0	0.19284
1116.2	0.19179
1116.4	0.19044
1116.6	0.18896
1116.8	0.18774
1117.0	0.18787
1117.2	0.18658
1117.4	0.18639
1117.6	0.18562
1117.8	0.18443
1118.0	0.18399
1118.2	0.18376
1118.4	0.18367
1118.6	0.18428
1118.8	0.18374
1119.0	0.18329
1119.2	0.18303
1119.4	0.18411
1119.6	0.18349
1119.8	0.1843
1120.0	0.18404
1120.2	0.18367
1120.4	0.18424
1120.6	0.18543
1120.8	0.18473
1121.0	0.1848
1121.2	0.18551
1121.4	0.18622
1121.6	0.18693
1121.8	0.18765
1122.0	0.18837
1122.2	0.1893
1122.4	0.19024
1122.6	0.19118
1122.8	0.19213
1123.0	0.19308
1123.2	0.19443
1123.4	0.19579
1123.6	0.19717
1123.8	0.19855
1124.0	0.19994
1124.2	0.2017
1124.4	0.20347
1124.6	0.20526
1124.8	0.20707
1125.0	0.20889
1125.2	0.21127
1125.4	0.21368
1125.6	0.21611
1125.8	0.21857
1126.0	0.22106
1126.2	0.22356
1126.4	0.22609
1126.6	0.22865
1126.8	0.23124
1127.0	0.23388
1127.2	0.23725
1127.4	0.24068
1127.6	0.24415
1127.8	0.24767
1128.0	0.25123
1128.2	0.25446
1128.4	0.25773
1128.6	0.26105
1128.8	0.2644
1129.0	0.26782
1129.2	0.27191
1129.4	0.27605
1129.6	0.28026
1129.8	0.28453
1130.0	0.28886
1130.2	0.29293
1130.4	0.29706
1130.6	0.30125
1130.8	0.3055
1131.0	0.30982
1131.2	0.31438
1131.4	0.31901
1131.6	0.32371
1131.8	0.32848
1132.0	0.33335
1132.2	0.33923
1132.4	0.34522
1132.6	0.35131
1132.8	0.35751
1133.0	0.36382
1133.2	0.37029
1133.4	0.37686
1133.6	0.38356
1133.8	0.39037
1134.0	0.39728
1134.2	0.40361
1134.4	0.41004
1134.6	0.41658
1134.8	0.42322
1135.0	0.42988
1135.2	0.43474
1135.4	0.43965
1135.6	0.44461
1135.8	0.44963
1136.0	0.4548
1136.2	0.46207
1136.4	0.46945
1136.6	0.47694
1136.8	0.48456
1137.0	0.49225
1137.2	0.49905
1137.4	0.50595
1137.6	0.51294
1137.8	0.52003
1138.0	0.52721
1138.2	0.5345
1138.4	0.54189
1138.6	0.54938
1138.8	0.55697
1139.0	0.56466
1139.2	0.57138
1139.4	0.57818
1139.6	0.58507
1139.8	0.59203
1140.0	0.59906
1140.2	0.60497
1140.4	0.61094
1140.6	0.61696
1140.8	0.62305
1141.0	0.62916
1141.2	0.63412
1141.4	0.63911
1141.6	0.64414
1141.8	0.64921
1142.0	0.65435
1142.2	0.66008
1142.4	0.66586
1142.6	0.6717
1142.8	0.67758
1143.0	0.68347
1143.2	0.68844
1143.4	0.69345
1143.6	0.69849
1143.8	0.70356
1144.0	0.70867
1144.2	0.71295
1144.4	0.71725
1144.6	0.72159
1144.8	0.72594
1145.0	0.7303
1145.2	0.73353
1145.4	0.73677
1145.6	0.74003
1145.8	0.7433
1146.0	0.74659
1146.2	0.75018
1146.4	0.75379
1146.6	0.75741
1146.8	0.76106
1147.0	0.76471
1147.2	0.7681
1147.4	0.77151
1147.6	0.77493
1147.8	0.77837
1148.0	0.78177
1148.2	0.78408
1148.4	0.78641
1148.6	0.78873
1148.8	0.79107
1149.0	0.79341
1149.2	0.79576
1149.4	0.79811
1149.6	0.80047
1149.8	0.80284
1150.0	0.80522
1150.2	0.80758
1150.4	0.80996
1150.6	0.81233
1150.8	0.81472
1151.0	0.81709
1151.2	0.81875
1151.4	0.82042
1151.6	0.8221
1151.8	0.82378
1152.0	0.82545
1152.2	0.82655
1152.4	0.82765
1152.6	0.82875
1152.8	0.82985
1153.0	0.83095
1153.2	0.83207
1153.4	0.83319
1153.6	0.83431
1153.8	0.83544
1154.0	0.83652
1154.2	0.83692
1154.4	0.83732
1154.6	0.83772
1154.8	0.83812
1155.0	0.8385
1155.2	0.8383
1155.4	0.8381
1155.6	0.8379
1155.8	0.83769
1156.0	0.83747
1156.2	0.83677
1156.4	0.83607
1156.6	0.83536
1156.8	0.83466
1157.0	0.83395
1157.2	0.83279
1157.4	0.83163
1157.6	0.83046
1157.8	0.8293
1158.0	0.82813
1158.2	0.82645
1158.4	0.82477
1158.6	0.8231
1158.8	0.82143
1159.0	0.81972
1159.2	0.81713
1159.4	0.81455
1159.6	0.81197
1159.8	0.80941
1160.0	0.80685
1160.2	0.80418
1160.4	0.80153
1160.6	0.79888
1160.8	0.79623
1161.0	0.7936
1161.2	0.79083
1161.4	0.78807
1161.6	0.78532
1161.8	0.78258
1162.0	0.77984
1162.2	0.77603
1162.4	0.77224
1162.6	0.76847
1162.8	0.76471
1163.0	0.761
1163.2	0.75803
1163.4	0.75508
1163.6	0.75213
1163.8	0.7492
1164.0	0.74627
1164.2	0.74267
1164.4	0.73909
1164.6	0.73552
1164.8	0.73198
1165.0	0.72845
1165.2	0.72497
1165.4	0.72151
1165.6	0.71807
1165.8	0.71464
1166.0	0.71123
1166.2	0.70851
1166.4	0.70581
1166.6	0.70311
1166.8	0.70043
1167.0	0.69772
1167.2	0.69403
1167.4	0.69036
1167.6	0.68671
1167.8	0.68308
1168.0	0.67948
1168.2	0.67772
1168.4	0.67597
1168.6	0.67422
1168.8	0.67248
1169.0	0.6707
1169.2	0.66742
1169.4	0.66417
1169.6	0.66092
1169.8	0.6577
1170.0	0.65459
1170.2	0.65346
1170.4	0.65234
1170.6	0.65122
1170.8	0.6501
1171.0	0.64896
1171.2	0.64684
1171.4	0.64473
1171.6	0.64262
1171.8	0.64052
1172.0	0.63844
1172.2	0.63756
1172.4	0.63668
1172.6	0.6358
1172.8	0.63493
1173.0	0.63405
1173.2	0.63306
1173.4	0.63207
1173.6	0.63108
1173.8	0.63009
1174.0	0.62912
1174.2	0.62915
1174.4	0.62917
1174.6	0.62919
1174.8	0.62922
1175.0	0.62923
1175.2	0.62902
1175.4	0.6288
1175.6	0.62859
1175.8	0.62838
1176.0	0.62819
1176.2	0.62889
1176.4	0.62958
1176.6	0.63028
1176.8	0.63098
1177.0	0.63168
1177.2	0.63225
1177.4	0.63283
1177.6	0.63341
1177.8	0.63399
1178.0	0.6346
1178.2	0.63625
1178.4	0.63791
1178.6	0.63957
1178.8	0.64124
1179.0	0.6429
1179.2	0.64415
1179.4	0.6454
1179.6	0.64665
1179.8	0.6479
1180.0	0.6492
1180.2	0.65163
1180.4	0.65407
1180.6	0.65652
1180.8	0.65897
1181.0	0.66142
1181.2	0.66298
1181.4	0.66455
1181.6	0.66612
1181.8	0.66769
1182.0	0.66935
1182.2	0.6726
1182.4	0.67586
1182.6	0.67914
1182.8	0.68244
1183.0	0.6857
1183.2	0.68753
1183.4	0.68937
1183.6	0.69121
1183.8	0.69306
1184.0	0.69493
1184.2	0.69833
1184.4	0.70175
1184.6	0.70518
1184.8	0.70864
1185.0	0.71206
1185.2	0.71457
1185.4	0.71708
1185.6	0.7196
1185.8	0.72214
1186.0	0.72469
1186.2	0.72759
1186.4	0.7305
1186.6	0.73343
1186.8	0.73636
1187.0	0.73932
1187.2	0.74241
1187.4	0.74551
1187.6	0.74863
1187.8	0.75176
1188.0	0.75488
1188.2	0.75732
1188.4	0.75977
1188.6	0.76223
1188.8	0.7647
1189.0	0.76719
1189.2	0.77005
1189.4	0.77292
1189.6	0.7758
1189.8	0.77869
1190.0	0.78159
1190.2	0.78345
1190.4	0.78531
1190.6	0.78718
1190.8	0.78905
1191.0	0.79094
1191.2	0.79315
1191.4	0.79537
1191.6	0.79759
1191.8	0.79982
1192.0	0.80203
1192.2	0.80353
1192.4	0.80504
1192.6	0.80655
1192.8	0.80806
1193.0	0.80957
1193.2	0.8108
1193.4	0.81203
1193.6	0.81326
1193.8	0.81449
1194.0	0.81572
1194.2	0.8168
1194.4	0.81789
1194.6	0.81898
1194.8	0.82007
1195.0	0.82113
1195.2	0.82125
1195.4	0.82137
1195.6	0.82149
1195.8	0.82161
1196.0	0.82174
1196.2	0.82213
1196.4	0.82252
1196.6	0.82291
1196.8	0.8233
1197.0	0.82368
1197.2	0.82394
1197.4	0.82419
1197.6	0.82444
1197.8	0.8247
1198.0	0.82491
1198.2	0.82383
1198.4	0.82276
1198.6	0.82168
1198.8	0.82061
1199.0	0.81955
1199.2	0.81933
1199.4	0.81911
1199.6	0.81889
1199.8	0.81866
1200.0	0.81844

